200 	
1 4	
2 7	
2 41	
2 52	
2 122	
3 8	
3 20	
3 28	
3 45	
3 79	
3 85	
3 110	
3 130	
3 150	
3 193	
4 1	
4 22	
4 23	
4 27	
4 28	
4 32	
4 33	
4 35	
4 42	
4 44	
4 45	
4 46	
4 47	
4 48	
4 54	
4 58	
4 60	
4 63	
4 81	
4 86	
4 94	
4 97	
4 105	
4 106	
4 112	
4 122	
4 127	
4 138	
4 152	
4 174	
4 182	
4 187	
5 10	
5 12	
5 21	
5 25	
5 26	
5 29	
5 30	
5 35	
5 36	
5 49	
5 69	
5 75	
5 76	
5 90	
5 95	
5 98	
5 113	
5 116	
5 121	
5 129	
5 151	
6 19	
6 82	
6 115	
6 123	
6 141	
7 2	
7 12	
7 23	
7 68	
7 83	
7 136	
8 3	
8 17	
8 44	
8 53	
8 64	
8 78	
8 107	
8 120	
8 128	
8 133	
10 5	
10 19	
10 21	
10 22	
10 24	
10 36	
10 45	
10 62	
10 72	
10 116	
10 125	
10 138	
10 194	
12 5	
12 7	
12 22	
12 24	
12 29	
12 32	
12 39	
12 50	
12 51	
12 52	
12 60	
12 66	
12 83	
12 93	
12 101	
12 103	
12 112	
12 114	
12 124	
12 129	
12 138	
12 140	
12 178	
12 184	
13 17	
13 22	
13 26	
13 27	
13 40	
13 41	
13 43	
13 61	
13 69	
13 72	
13 78	
13 96	
13 146	
13 159	
13 165	
13 168	
17 8	
17 13	
17 20	
17 21	
17 23	
17 24	
17 30	
17 36	
17 41	
17 47	
17 49	
17 50	
17 59	
17 66	
17 75	
17 82	
17 86	
17 90	
17 119	
17 163	
17 184	
17 187	
19 6	
19 10	
19 21	
19 25	
19 69	
19 95	
19 103	
20 3	
20 17	
20 24	
20 27	
20 30	
20 32	
20 33	
20 35	
20 38	
20 39	
20 42	
20 51	
20 56	
20 65	
20 70	
20 92	
20 127	
20 129	
20 131	
20 137	
20 145	
20 179	
20 191	
21 5	
21 10	
21 17	
21 19	
21 23	
21 25	
21 26	
21 30	
21 31	
21 34	
21 36	
21 37	
21 38	
21 43	
21 47	
21 49	
21 57	
21 59	
21 62	
21 65	
21 67	
21 70	
21 82	
21 85	
21 86	
21 87	
21 99	
21 100	
21 113	
21 119	
21 132	
21 134	
21 135	
21 160	
21 169	
21 175	
21 178	
21 197	
22 4	
22 10	
22 12	
22 13	
22 28	
22 31	
22 32	
22 34	
22 38	
22 58	
22 80	
22 90	
22 94	
22 144	
22 146	
23 4	
23 7	
23 17	
23 21	
23 25	
23 29	
23 74	
23 98	
23 101	
23 102	
23 126	
23 188	
24 10	
24 12	
24 17	
24 20	
24 26	
24 29	
24 31	
24 34	
24 37	
24 40	
24 52	
24 54	
24 60	
24 79	
24 81	
24 91	
24 98	
24 100	
24 126	
24 150	
24 153	
24 156	
24 173	
24 182	
24 193	
24 200	
25 5	
25 19	
25 21	
25 23	
25 44	
25 54	
25 74	
25 76	
25 102	
25 130	
25 134	
25 148	
25 158	
25 170	
26 5	
26 13	
26 21	
26 24	
26 27	
26 34	
26 35	
26 39	
26 40	
26 74	
26 81	
26 95	
26 133	
26 140	
26 154	
26 168	
26 180	
26 183	
26 186	
26 190	
27 4	
27 13	
27 20	
27 26	
27 28	
27 37	
27 39	
27 41	
27 46	
27 53	
27 56	
27 58	
27 68	
27 70	
27 76	
27 80	
27 94	
27 97	
27 118	
27 124	
27 125	
27 146	
27 199	
28 3	
28 4	
28 22	
28 27	
28 31	
28 33	
28 45	
28 48	
28 52	
28 87	
28 106	
28 120	
28 122	
28 132	
28 147	
28 148	
28 166	
28 171	
28 172	
28 184	
29 5	
29 12	
29 23	
29 24	
29 42	
29 43	
29 47	
29 50	
29 55	
29 73	
29 78	
29 79	
29 93	
29 107	
29 127	
29 136	
29 141	
29 142	
29 143	
29 155	
29 156	
30 5	
30 17	
30 20	
30 21	
30 44	
30 51	
30 57	
30 60	
30 63	
30 107	
30 109	
30 110	
30 111	
30 114	
30 117	
30 137	
30 139	
30 152	
30 155	
30 174	
30 182	
31 21	
31 22	
31 24	
31 28	
31 33	
31 37	
31 61	
31 67	
31 73	
31 116	
31 144	
31 169	
31 188	
31 195	
32 4	
32 12	
32 20	
32 22	
32 48	
32 55	
32 76	
32 197	
33 4	
33 20	
33 28	
33 31	
33 42	
33 46	
33 103	
33 110	
33 126	
34 21	
34 22	
34 24	
34 26	
34 66	
34 105	
34 119	
34 123	
34 128	
34 134	
34 187	
34 200	
35 4	
35 5	
35 20	
35 26	
35 43	
35 64	
35 68	
35 71	
35 77	
35 79	
35 99	
35 106	
35 115	
35 155	
35 159	
36 5	
36 10	
36 17	
36 21	
36 68	
36 108	
36 194	
36 197	
37 21	
37 24	
37 27	
37 31	
37 38	
37 67	
37 125	
37 153	
37 165	
37 189	
38 20	
38 21	
38 22	
38 37	
38 63	
38 66	
38 70	
38 115	
38 136	
38 183	
39 12	
39 20	
39 26	
39 27	
39 40	
39 55	
39 87	
39 136	
39 178	
40 13	
40 24	
40 26	
40 39	
40 48	
40 53	
40 56	
40 59	
40 62	
40 67	
40 69	
40 92	
40 140	
40 161	
40 162	
40 190	
41 2	
41 13	
41 17	
41 27	
41 181	
42 4	
42 20	
42 29	
42 33	
42 137	
43 13	
43 21	
43 29	
43 35	
43 46	
43 57	
43 59	
43 108	
43 113	
43 120	
43 130	
43 180	
43 196	
43 199	
44 4	
44 8	
44 25	
44 30	
44 53	
44 58	
44 101	
44 123	
44 165	
44 172	
44 176	
44 200	
45 3	
45 4	
45 10	
45 28	
45 54	
45 56	
45 57	
45 64	
45 71	
45 75	
45 77	
45 106	
45 118	
45 131	
45 140	
45 181	
45 185	
45 186	
45 191	
46 4	
46 27	
46 33	
46 43	
46 65	
46 75	
46 83	
46 109	
46 142	
46 159	
46 200	
47 4	
47 17	
47 21	
47 29	
47 49	
47 50	
47 100	
47 180	
48 4	
48 28	
48 32	
48 40	
48 149	
48 164	
48 177	
48 181	
49 5	
49 17	
49 21	
49 47	
49 51	
49 55	
49 74	
49 77	
49 87	
49 95	
49 96	
49 115	
49 121	
50 12	
50 17	
50 29	
50 47	
50 96	
50 133	
50 154	
51 12	
51 20	
51 30	
51 49	
51 98	
51 102	
51 105	
51 139	
51 161	
51 164	
52 2	
52 12	
52 24	
52 28	
52 134	
52 168	
53 8	
53 27	
53 40	
53 44	
54 4	
54 24	
54 25	
54 45	
54 62	
54 64	
54 80	
54 89	
54 141	
54 163	
55 29	
55 32	
55 39	
55 49	
55 61	
55 101	
55 104	
55 111	
55 119	
55 148	
56 20	
56 27	
56 40	
56 45	
56 88	
56 93	
56 104	
56 112	
56 113	
56 118	
56 149	
56 166	
57 21	
57 30	
57 43	
57 45	
57 65	
57 147	
57 163	
58 4	
58 22	
58 27	
58 44	
58 61	
58 84	
58 86	
59 17	
59 21	
59 40	
59 43	
59 71	
59 91	
59 121	
60 4	
60 12	
60 24	
60 30	
60 63	
60 71	
60 88	
60 90	
60 128	
60 141	
61 13	
61 31	
61 55	
61 58	
61 89	
61 97	
61 138	
61 144	
62 10	
62 21	
62 40	
62 54	
62 72	
62 192	
63 4	
63 30	
63 38	
63 60	
63 85	
63 94	
63 109	
63 118	
63 144	
64 8	
64 35	
64 45	
64 54	
64 81	
64 131	
64 151	
64 157	
65 20	
65 21	
65 46	
65 57	
65 78	
65 102	
65 109	
65 135	
65 146	
65 147	
65 152	
65 198	
66 12	
66 17	
66 34	
66 38	
66 82	
66 108	
66 135	
67 21	
67 31	
67 37	
67 40	
67 111	
67 112	
67 117	
67 129	
67 135	
67 160	
68 7	
68 27	
68 35	
68 36	
68 72	
68 73	
68 105	
68 182	
69 5	
69 13	
69 19	
69 40	
70 20	
70 21	
70 27	
70 38	
70 73	
70 103	
70 127	
70 137	
70 149	
70 172	
70 193	
71 35	
71 45	
71 59	
71 60	
71 77	
71 80	
71 85	
71 89	
71 91	
71 99	
71 157	
71 190	
72 10	
72 13	
72 62	
72 68	
72 114	
72 143	
72 177	
72 194	
73 29	
73 31	
73 68	
73 70	
73 84	
73 117	
74 23	
74 25	
74 26	
74 49	
74 92	
74 104	
74 191	
75 5	
75 17	
75 45	
75 46	
75 107	
75 157	
75 164	
76 5	
76 25	
76 27	
76 32	
76 89	
76 186	
76 195	
77 35	
77 45	
77 49	
77 71	
77 123	
77 153	
77 181	
78 8	
78 13	
78 29	
78 65	
78 83	
78 126	
78 162	
78 192	
79 3	
79 24	
79 29	
79 35	
79 84	
79 151	
79 197	
80 22	
80 27	
80 54	
80 71	
80 84	
80 88	
80 99	
80 114	
80 161	
81 4	
81 24	
81 26	
81 64	
81 93	
81 96	
82 6	
82 17	
82 21	
82 66	
82 88	
82 97	
82 100	
82 124	
82 132	
82 192	
83 7	
83 12	
83 46	
83 78	
83 148	
83 156	
83 196	
84 58	
84 73	
84 79	
84 80	
84 92	
84 116	
84 130	
84 145	
84 174	
84 188	
84 195	
85 3	
85 21	
85 63	
85 71	
86 4	
86 17	
86 21	
86 58	
86 132	
86 145	
86 158	
86 180	
86 183	
87 21	
87 28	
87 39	
87 49	
87 124	
87 153	
87 155	
88 56	
88 60	
88 80	
88 82	
88 187	
89 54	
89 61	
89 71	
89 76	
89 176	
89 198	
90 5	
90 17	
90 22	
90 60	
90 91	
90 111	
90 133	
90 142	
90 162	
90 163	
91 24	
91 59	
91 71	
91 90	
91 128	
91 174	
91 176	
92 20	
92 40	
92 74	
92 84	
93 12	
93 29	
93 56	
93 81	
94 4	
94 22	
94 27	
94 63	
94 125	
94 150	
94 156	
95 5	
95 19	
95 26	
95 49	
95 199	
96 13	
96 49	
96 50	
96 81	
97 4	
97 27	
97 61	
97 82	
97 162	
97 196	
98 5	
98 23	
98 24	
98 51	
98 104	
98 151	
98 152	
98 157	
98 166	
99 21	
99 35	
99 71	
99 80	
100 21	
100 24	
100 47	
100 82	
100 143	
100 179	
100 189	
101 12	
101 23	
101 44	
101 55	
101 108	
101 122	
101 160	
102 23	
102 25	
102 51	
102 65	
102 183	
103 12	
103 19	
103 33	
103 70	
104 55	
104 56	
104 74	
104 98	
105 4	
105 34	
105 51	
105 68	
106 4	
106 28	
106 35	
106 45	
106 149	
106 165	
106 171	
107 8	
107 29	
107 30	
107 75	
107 110	
107 117	
107 139	
108 36	
108 43	
108 66	
108 101	
108 185	
109 30	
109 46	
109 63	
109 65	
109 167	
110 3	
110 30	
110 33	
110 107	
110 199	
111 30	
111 55	
111 67	
111 90	
111 167	
112 4	
112 12	
112 56	
112 67	
112 171	
113 5	
113 21	
113 43	
113 56	
113 120	
113 145	
113 154	
113 160	
114 12	
114 30	
114 72	
114 80	
114 121	
114 131	
114 173	
115 6	
115 35	
115 38	
115 49	
115 139	
115 167	
115 170	
116 5	
116 10	
116 31	
116 84	
117 30	
117 67	
117 73	
117 107	
117 177	
117 179	
118 27	
118 45	
118 56	
118 63	
119 17	
119 21	
119 34	
119 55	
120 8	
120 28	
120 43	
120 113	
120 178	
120 193	
121 5	
121 49	
121 59	
121 114	
122 2	
122 4	
122 28	
122 101	
123 6	
123 34	
123 44	
123 77	
124 12	
124 27	
124 82	
124 87	
124 164	
125 10	
125 27	
125 37	
125 94	
126 23	
126 24	
126 33	
126 78	
126 147	
126 188	
127 4	
127 20	
127 29	
127 70	
127 143	
127 166	
127 176	
128 8	
128 34	
128 60	
128 91	
129 5	
129 12	
129 20	
129 67	
129 161	
129 169	
129 173	
130 3	
130 25	
130 43	
130 84	
130 154	
131 20	
131 45	
131 64	
131 114	
132 21	
132 28	
132 82	
132 86	
132 185	
133 8	
133 26	
133 50	
133 90	
133 150	
134 21	
134 25	
134 34	
134 52	
134 168	
135 21	
135 65	
135 66	
135 67	
135 142	
135 171	
135 175	
136 7	
136 29	
136 38	
136 39	
136 177	
137 20	
137 30	
137 42	
137 70	
138 4	
138 10	
138 12	
138 61	
138 167	
138 169	
138 170	
138 184	
138 194	
139 30	
139 51	
139 107	
139 115	
139 170	
139 172	
139 196	
140 12	
140 26	
140 40	
140 45	
141 6	
141 29	
141 54	
141 60	
142 29	
142 46	
142 90	
142 135	
142 158	
142 159	
142 179	
143 29	
143 72	
143 100	
143 127	
143 195	
144 22	
144 31	
144 61	
144 63	
145 20	
145 84	
145 86	
145 113	
146 13	
146 22	
146 27	
146 65	
147 28	
147 57	
147 65	
147 126	
148 25	
148 28	
148 55	
148 83	
148 175	
149 48	
149 56	
149 70	
149 106	
150 3	
150 24	
150 94	
150 133	
151 5	
151 64	
151 79	
151 98	
152 4	
152 30	
152 65	
152 98	
153 24	
153 37	
153 77	
153 87	
154 26	
154 50	
154 113	
154 130	
155 29	
155 30	
155 35	
155 87	
155 158	
155 173	
155 175	
156 24	
156 29	
156 83	
156 94	
156 191	
157 64	
157 71	
157 75	
157 98	
158 25	
158 86	
158 142	
158 155	
159 13	
159 35	
159 46	
159 142	
159 186	
160 21	
160 67	
160 101	
160 113	
160 189	
161 40	
161 51	
161 80	
161 129	
162 40	
162 78	
162 90	
162 97	
163 17	
163 54	
163 57	
163 90	
163 198	
164 48	
164 51	
164 75	
164 124	
164 192	
165 13	
165 37	
165 44	
165 106	
166 28	
166 56	
166 98	
166 127	
167 109	
167 111	
167 115	
167 138	
168 13	
168 26	
168 52	
168 134	
169 21	
169 31	
169 129	
169 138	
170 25	
170 115	
170 138	
170 139	
171 28	
171 106	
171 112	
171 135	
172 28	
172 44	
172 70	
172 139	
173 24	
173 114	
173 129	
173 155	
173 189	
174 4	
174 30	
174 84	
174 91	
175 21	
175 135	
175 148	
175 155	
176 44	
176 89	
176 91	
176 127	
177 48	
177 72	
177 117	
177 136	
178 12	
178 21	
178 39	
178 120	
179 20	
179 100	
179 117	
179 142	
179 198	
180 26	
180 43	
180 47	
180 86	
181 41	
181 45	
181 48	
181 77	
181 185	
182 4	
182 24	
182 30	
182 68	
183 26	
183 38	
183 86	
183 102	
184 12	
184 17	
184 28	
184 138	
185 45	
185 108	
185 132	
185 181	
186 26	
186 45	
186 76	
186 159	
186 190	
187 4	
187 17	
187 34	
187 88	
188 23	
188 31	
188 84	
188 126	
189 37	
189 100	
189 160	
189 173	
190 26	
190 40	
190 71	
190 186	
191 20	
191 45	
191 74	
191 156	
192 62	
192 78	
192 82	
192 164	
193 3	
193 24	
193 70	
193 120	
194 10	
194 36	
194 72	
194 138	
195 31	
195 76	
195 84	
195 143	
196 43	
196 83	
196 97	
196 139	
197 21	
197 32	
197 36	
197 79	
198 65	
198 89	
198 163	
198 179	
199 27	
199 43	
199 95	
199 110	
200 24	
200 34	
200 44	
200 46	
