200 	
2 15	
2 18	
2 21	
2 22	
2 24	
2 25	
2 29	
2 35	
2 41	
2 46	
2 47	
2 49	
2 62	
2 69	
2 71	
2 75	
2 86	
2 100	
2 111	
2 130	
2 144	
2 145	
3 7	
3 170	
4 19	
4 28	
4 55	
4 70	
4 88	
4 102	
4 107	
4 114	
4 116	
4 139	
4 146	
4 157	
4 175	
7 3	
7 8	
7 24	
7 26	
7 28	
7 32	
7 35	
7 36	
7 39	
7 49	
7 51	
7 57	
7 58	
7 61	
7 66	
7 73	
7 80	
7 81	
7 87	
7 88	
7 89	
7 90	
7 98	
7 116	
7 120	
7 135	
7 139	
7 141	
7 152	
7 153	
7 158	
7 159	
7 162	
7 163	
7 192	
7 197	
8 7	
8 21	
8 23	
8 29	
8 35	
8 36	
8 43	
8 45	
8 48	
8 51	
8 58	
8 59	
8 72	
8 105	
8 110	
8 128	
8 142	
8 155	
8 161	
8 171	
8 172	
8 179	
8 192	
13 15	
13 27	
13 53	
13 186	
15 2	
15 13	
15 22	
15 23	
15 25	
15 30	
15 31	
15 33	
15 38	
15 42	
15 44	
15 52	
15 66	
15 97	
15 98	
15 101	
15 102	
15 104	
15 111	
15 122	
15 124	
15 135	
15 138	
15 154	
15 178	
15 196	
18 2	
18 21	
18 23	
18 26	
18 32	
18 35	
18 57	
18 105	
18 140	
19 4	
19 21	
19 22	
19 27	
19 45	
19 94	
19 112	
19 129	
19 130	
19 162	
19 164	
19 168	
19 184	
21 2	
21 8	
21 18	
21 19	
21 22	
21 24	
21 25	
21 29	
21 33	
21 34	
21 52	
21 56	
21 67	
21 77	
21 121	
21 122	
21 125	
21 136	
21 143	
21 158	
21 160	
21 178	
21 198	
22 2	
22 15	
22 19	
22 21	
22 23	
22 24	
22 25	
22 26	
22 27	
22 29	
22 31	
22 32	
22 33	
22 36	
22 37	
22 38	
22 39	
22 41	
22 43	
22 44	
22 50	
22 53	
22 54	
22 58	
22 59	
22 62	
22 65	
22 69	
22 75	
22 78	
22 79	
22 82	
22 85	
22 88	
22 105	
22 107	
22 113	
22 114	
22 117	
22 123	
22 130	
22 132	
22 135	
22 136	
22 161	
22 172	
22 174	
22 179	
22 183	
22 184	
22 189	
22 200	
23 8	
23 15	
23 18	
23 22	
23 27	
23 28	
23 34	
23 40	
23 51	
23 68	
23 73	
23 74	
23 84	
23 93	
23 95	
23 99	
23 103	
23 145	
23 147	
23 156	
23 164	
23 175	
23 184	
23 191	
24 2	
24 7	
24 21	
24 22	
24 26	
24 30	
24 36	
24 73	
24 94	
24 104	
24 136	
24 150	
25 2	
25 15	
25 21	
25 22	
25 28	
25 37	
25 45	
25 47	
25 48	
25 83	
25 87	
25 96	
25 119	
25 156	
25 188	
26 7	
26 18	
26 22	
26 24	
26 32	
26 34	
26 50	
26 52	
26 54	
26 56	
26 80	
26 83	
26 96	
26 103	
26 107	
26 123	
26 127	
26 169	
26 182	
27 13	
27 19	
27 22	
27 23	
27 30	
27 31	
27 38	
27 39	
27 42	
27 50	
27 53	
27 58	
27 61	
27 64	
27 76	
27 92	
27 96	
27 107	
27 127	
27 134	
27 137	
27 140	
27 155	
27 164	
27 165	
27 200	
28 4	
28 7	
28 23	
28 25	
28 31	
28 46	
28 61	
28 100	
28 116	
28 132	
28 162	
29 2	
29 8	
29 21	
29 22	
29 30	
29 37	
29 41	
29 43	
29 50	
29 56	
29 62	
29 64	
29 74	
29 78	
29 81	
29 85	
29 89	
29 104	
29 113	
29 134	
29 138	
29 148	
29 149	
29 151	
29 154	
29 173	
29 183	
29 187	
30 15	
30 24	
30 27	
30 29	
30 46	
30 57	
30 119	
30 121	
30 140	
30 170	
31 15	
31 22	
31 27	
31 28	
31 33	
31 55	
31 67	
31 69	
31 70	
31 76	
31 84	
31 99	
31 104	
31 105	
31 110	
31 113	
31 114	
31 120	
31 123	
31 141	
31 148	
31 174	
31 196	
32 7	
32 18	
32 22	
32 26	
32 34	
32 37	
32 38	
32 40	
32 42	
32 72	
32 90	
32 142	
32 167	
32 180	
32 187	
32 191	
32 192	
32 197	
33 15	
33 21	
33 22	
33 31	
33 95	
33 132	
33 172	
34 21	
34 23	
34 26	
34 32	
34 66	
34 75	
34 81	
34 82	
34 86	
34 149	
34 163	
34 184	
35 2	
35 7	
35 8	
35 18	
35 46	
35 47	
35 49	
35 68	
35 98	
35 108	
35 154	
35 168	
36 7	
36 8	
36 22	
36 24	
36 39	
36 40	
36 64	
36 82	
36 94	
36 109	
36 122	
36 130	
36 132	
36 161	
36 170	
36 171	
37 22	
37 25	
37 29	
37 32	
37 42	
37 43	
37 59	
37 63	
37 177	
37 189	
38 15	
38 22	
38 27	
38 32	
38 40	
38 41	
38 44	
38 45	
38 71	
38 90	
38 99	
38 127	
38 153	
38 183	
38 198	
39 7	
39 22	
39 27	
39 36	
39 44	
39 48	
39 54	
39 60	
39 63	
39 94	
39 102	
39 106	
39 144	
39 149	
39 151	
39 178	
39 181	
39 185	
40 23	
40 32	
40 36	
40 38	
40 62	
40 103	
41 2	
41 22	
41 29	
41 38	
41 47	
41 59	
41 63	
41 67	
41 68	
41 92	
41 108	
41 118	
41 121	
41 146	
41 150	
41 182	
42 15	
42 27	
42 32	
42 37	
42 52	
42 53	
42 72	
42 77	
42 81	
42 83	
42 85	
42 127	
43 8	
43 22	
43 29	
43 37	
43 48	
43 70	
43 92	
43 110	
43 138	
43 145	
44 15	
44 22	
44 38	
44 39	
44 51	
44 55	
44 60	
44 66	
44 75	
44 85	
44 101	
44 115	
44 154	
44 177	
44 181	
45 8	
45 19	
45 25	
45 38	
45 60	
45 77	
45 78	
45 111	
45 131	
45 171	
45 176	
45 191	
45 199	
46 2	
46 28	
46 30	
46 35	
46 57	
46 60	
46 115	
46 117	
46 119	
47 2	
47 25	
47 35	
47 41	
47 49	
47 70	
47 161	
47 196	
48 8	
48 25	
48 39	
48 43	
48 89	
48 98	
48 128	
49 2	
49 7	
49 35	
49 47	
49 61	
49 101	
49 116	
49 120	
49 166	
50 22	
50 26	
50 27	
50 29	
50 54	
50 82	
50 84	
50 97	
50 143	
51 7	
51 8	
51 23	
51 44	
51 71	
51 111	
51 120	
51 131	
51 152	
51 162	
52 15	
52 21	
52 26	
52 42	
52 87	
53 13	
53 22	
53 27	
53 42	
53 65	
53 97	
53 108	
53 113	
53 157	
53 159	
54 22	
54 26	
54 39	
54 50	
54 55	
54 56	
54 64	
54 71	
54 72	
54 95	
54 152	
54 185	
54 197	
55 4	
55 31	
55 44	
55 54	
55 68	
55 78	
55 79	
55 121	
55 199	
56 21	
56 26	
56 29	
56 54	
56 65	
56 67	
56 69	
56 93	
56 109	
56 112	
57 7	
57 18	
57 30	
57 46	
57 97	
57 106	
57 129	
57 137	
57 148	
58 7	
58 8	
58 22	
58 27	
58 65	
59 8	
59 22	
59 37	
59 41	
59 86	
59 134	
59 173	
60 39	
60 44	
60 45	
60 46	
60 63	
60 74	
60 76	
60 125	
61 7	
61 27	
61 28	
61 49	
61 90	
62 2	
62 22	
62 29	
62 40	
63 37	
63 39	
63 41	
63 60	
63 76	
63 149	
63 175	
64 27	
64 29	
64 36	
64 54	
64 112	
64 126	
64 151	
64 158	
64 195	
65 22	
65 53	
65 56	
65 58	
65 79	
65 103	
65 112	
65 190	
66 7	
66 15	
66 34	
66 44	
66 87	
66 91	
66 106	
66 126	
66 172	
66 179	
67 21	
67 31	
67 41	
67 56	
67 73	
67 93	
67 142	
67 163	
67 179	
68 23	
68 35	
68 41	
68 55	
68 74	
68 83	
68 160	
68 193	
68 195	
69 2	
69 22	
69 31	
69 56	
69 173	
70 4	
70 31	
70 43	
70 47	
70 84	
70 96	
70 99	
70 155	
70 169	
70 182	
71 2	
71 38	
71 51	
71 54	
71 88	
71 106	
71 139	
72 8	
72 32	
72 42	
72 54	
72 144	
73 7	
73 23	
73 24	
73 67	
73 123	
74 23	
74 29	
74 60	
74 68	
74 77	
74 80	
74 156	
75 2	
75 22	
75 34	
75 44	
75 140	
75 151	
75 165	
76 27	
76 31	
76 60	
76 63	
76 80	
76 164	
76 180	
77 21	
77 42	
77 45	
77 74	
77 91	
77 157	
78 22	
78 29	
78 45	
78 55	
78 79	
78 93	
78 95	
78 134	
78 143	
78 159	
79 22	
79 55	
79 65	
79 78	
79 86	
79 100	
79 108	
80 7	
80 26	
80 74	
80 76	
80 166	
80 171	
81 7	
81 29	
81 34	
81 42	
82 22	
82 34	
82 36	
82 50	
82 160	
83 25	
83 26	
83 42	
83 68	
83 196	
84 23	
84 31	
84 50	
84 70	
84 89	
84 160	
84 166	
85 22	
85 29	
85 42	
85 44	
85 119	
85 128	
85 131	
85 148	
85 167	
85 178	
85 180	
86 2	
86 34	
86 59	
86 79	
86 91	
86 101	
86 115	
86 124	
87 7	
87 25	
87 52	
87 66	
87 92	
87 109	
87 129	
87 165	
87 176	
87 188	
88 4	
88 7	
88 22	
88 71	
88 131	
89 7	
89 29	
89 48	
89 84	
89 141	
90 7	
90 32	
90 38	
90 61	
90 91	
90 102	
90 109	
90 124	
90 158	
90 177	
91 66	
91 77	
91 86	
91 90	
91 117	
91 118	
91 174	
91 198	
92 27	
92 41	
92 43	
92 87	
92 117	
92 133	
93 23	
93 56	
93 67	
93 78	
93 129	
93 156	
94 19	
94 24	
94 36	
94 39	
95 23	
95 33	
95 54	
95 78	
95 115	
96 25	
96 26	
96 27	
96 70	
96 150	
97 15	
97 50	
97 53	
97 57	
97 125	
97 133	
97 142	
97 143	
97 147	
97 192	
97 200	
98 7	
98 15	
98 35	
98 48	
98 168	
99 23	
99 31	
99 38	
99 70	
99 100	
99 137	
99 153	
99 167	
99 194	
99 199	
100 2	
100 28	
100 79	
100 99	
100 122	
100 124	
100 126	
100 136	
100 138	
100 141	
100 180	
101 15	
101 44	
101 49	
101 86	
102 4	
102 15	
102 39	
102 90	
102 145	
103 23	
103 26	
103 40	
103 65	
104 15	
104 24	
104 29	
104 31	
104 118	
105 8	
105 18	
105 22	
105 31	
106 39	
106 57	
106 66	
106 71	
106 114	
106 137	
106 183	
107 4	
107 22	
107 26	
107 27	
107 144	
108 35	
108 41	
108 53	
108 79	
108 110	
109 36	
109 56	
109 87	
109 90	
109 186	
110 8	
110 31	
110 43	
110 108	
110 118	
110 175	
111 2	
111 15	
111 45	
111 51	
111 150	
112 19	
112 56	
112 64	
112 65	
112 125	
112 133	
113 22	
113 29	
113 31	
113 53	
114 4	
114 22	
114 31	
114 106	
115 44	
115 46	
115 86	
115 95	
116 4	
116 7	
116 28	
116 49	
117 22	
117 46	
117 91	
117 92	
118 41	
118 91	
118 104	
118 110	
118 166	
118 176	
118 185	
119 25	
119 30	
119 46	
119 85	
120 7	
120 31	
120 49	
120 51	
121 21	
121 30	
121 41	
121 55	
121 193	
122 15	
122 21	
122 36	
122 100	
122 126	
123 22	
123 26	
123 31	
123 73	
123 135	
123 146	
123 188	
124 15	
124 86	
124 90	
124 100	
124 139	
124 155	
125 21	
125 60	
125 97	
125 112	
125 165	
125 173	
126 64	
126 66	
126 100	
126 122	
126 128	
126 133	
126 163	
126 186	
127 26	
127 27	
127 38	
127 42	
128 8	
128 48	
128 85	
128 126	
129 19	
129 57	
129 87	
129 93	
129 153	
130 2	
130 19	
130 22	
130 36	
131 45	
131 51	
131 85	
131 88	
131 159	
132 22	
132 28	
132 33	
132 36	
133 92	
133 97	
133 112	
133 126	
133 181	
134 27	
134 29	
134 59	
134 78	
134 198	
135 7	
135 15	
135 22	
135 123	
135 169	
135 199	
136 21	
136 22	
136 24	
136 100	
136 147	
136 170	
136 187	
137 27	
137 57	
137 99	
137 106	
138 15	
138 29	
138 43	
138 100	
138 147	
139 4	
139 7	
139 71	
139 124	
140 18	
140 27	
140 30	
140 75	
141 7	
141 31	
141 89	
141 100	
141 146	
141 176	
142 8	
142 32	
142 67	
142 97	
142 187	
143 21	
143 50	
143 78	
143 97	
143 181	
144 2	
144 39	
144 72	
144 107	
144 152	
144 157	
144 185	
145 2	
145 23	
145 43	
145 102	
146 4	
146 41	
146 123	
146 141	
147 23	
147 97	
147 136	
147 138	
147 197	
148 29	
148 31	
148 57	
148 85	
149 29	
149 34	
149 39	
149 63	
150 24	
150 41	
150 96	
150 111	
150 191	
151 29	
151 39	
151 64	
151 75	
152 7	
152 51	
152 54	
152 144	
153 7	
153 38	
153 99	
153 129	
153 194	
154 15	
154 29	
154 35	
154 44	
155 8	
155 27	
155 70	
155 124	
155 167	
155 189	
156 23	
156 25	
156 74	
156 93	
156 177	
156 182	
157 4	
157 53	
157 77	
157 144	
157 168	
158 7	
158 21	
158 64	
158 90	
159 7	
159 53	
159 78	
159 131	
160 21	
160 68	
160 82	
160 84	
161 8	
161 22	
161 36	
161 47	
161 169	
162 7	
162 19	
162 28	
162 51	
163 7	
163 34	
163 67	
163 126	
163 188	
164 19	
164 23	
164 27	
164 76	
165 27	
165 75	
165 87	
165 125	
165 195	
166 49	
166 80	
166 84	
166 118	
166 195	
167 32	
167 85	
167 99	
167 155	
168 19	
168 35	
168 98	
168 157	
168 193	
169 26	
169 70	
169 135	
169 161	
170 3	
170 30	
170 36	
170 136	
171 8	
171 36	
171 45	
171 80	
172 8	
172 22	
172 33	
172 66	
172 174	
173 29	
173 59	
173 69	
173 125	
173 190	
174 22	
174 31	
174 91	
174 172	
174 193	
175 4	
175 23	
175 63	
175 110	
176 45	
176 87	
176 118	
176 141	
177 37	
177 44	
177 90	
177 156	
178 15	
178 21	
178 39	
178 85	
179 8	
179 22	
179 66	
179 67	
180 32	
180 76	
180 85	
180 100	
181 39	
181 44	
181 133	
181 143	
181 186	
181 189	
181 190	
181 194	
181 200	
182 26	
182 41	
182 70	
182 156	
183 22	
183 29	
183 38	
183 106	
184 19	
184 22	
184 23	
184 34	
184 190	
184 194	
185 39	
185 54	
185 118	
185 144	
186 13	
186 109	
186 126	
186 181	
187 29	
187 32	
187 136	
187 142	
188 25	
188 87	
188 123	
188 163	
189 22	
189 37	
189 155	
189 181	
190 65	
190 173	
190 181	
190 184	
191 23	
191 32	
191 45	
191 150	
192 7	
192 8	
192 32	
192 97	
193 68	
193 121	
193 168	
193 174	
194 99	
194 153	
194 181	
194 184	
195 64	
195 68	
195 165	
195 166	
196 15	
196 31	
196 47	
196 83	
197 7	
197 32	
197 54	
197 147	
198 21	
198 38	
198 91	
198 134	
199 45	
199 55	
199 99	
199 135	
200 22	
200 27	
200 97	
200 181	
