200 	
1 10	
1 15	
1 37	
1 44	
1 60	
1 67	
1 84	
1 103	
1 141	
1 162	
1 164	
2 15	
3 20	
3 21	
3 22	
3 23	
3 25	
3 28	
3 29	
3 32	
3 39	
3 42	
3 46	
3 51	
3 55	
3 63	
3 65	
3 68	
3 83	
3 101	
3 103	
3 131	
3 132	
3 138	
3 152	
3 164	
3 171	
3 185	
3 186	
3 188	
3 191	
3 198	
4 19	
4 60	
4 74	
4 152	
5 11	
5 21	
5 22	
5 24	
5 26	
5 29	
5 30	
5 35	
5 36	
5 38	
5 42	
5 45	
5 54	
5 66	
5 67	
5 72	
5 99	
5 113	
5 145	
5 146	
5 147	
5 166	
5 199	
6 9	
6 23	
6 25	
6 26	
6 46	
6 48	
6 54	
6 55	
6 59	
6 69	
6 89	
6 96	
6 116	
6 120	
6 133	
6 146	
6 151	
6 170	
6 186	
7 13	
7 20	
7 22	
7 44	
7 47	
7 61	
7 87	
7 111	
7 140	
7 182	
9 6	
9 24	
9 41	
9 93	
9 102	
9 106	
10 1	
10 29	
10 152	
10 178	
11 5	
11 21	
11 32	
11 34	
11 41	
11 80	
11 99	
11 117	
11 173	
11 178	
13 7	
13 17	
13 20	
13 25	
13 27	
13 31	
13 80	
13 85	
13 89	
13 103	
13 151	
13 158	
14 19	
14 32	
14 34	
14 39	
14 47	
14 50	
14 68	
14 126	
15 1	
15 2	
15 26	
15 76	
15 98	
15 104	
15 174	
17 13	
17 21	
17 25	
17 28	
17 31	
17 33	
17 36	
17 39	
17 42	
17 55	
17 58	
17 60	
17 64	
17 74	
17 86	
17 96	
17 105	
17 113	
17 117	
17 124	
17 147	
17 165	
19 4	
19 14	
19 23	
19 49	
19 154	
20 3	
20 7	
20 13	
20 45	
20 56	
20 84	
20 100	
20 108	
20 109	
20 130	
20 133	
20 155	
20 160	
20 166	
21 3	
21 5	
21 11	
21 17	
21 22	
21 23	
21 28	
21 30	
21 43	
21 76	
21 117	
21 138	
21 164	
21 174	
21 184	
22 3	
22 5	
22 7	
22 21	
22 24	
22 26	
22 28	
22 30	
22 36	
22 37	
22 38	
22 45	
22 56	
22 62	
22 68	
22 70	
22 90	
22 91	
22 94	
22 101	
22 107	
22 109	
22 112	
22 129	
22 139	
22 163	
22 173	
22 176	
23 3	
23 6	
23 19	
23 21	
23 24	
23 27	
23 33	
23 42	
23 48	
23 57	
23 61	
23 81	
23 88	
23 108	
23 111	
23 115	
23 120	
23 141	
23 150	
23 160	
23 177	
23 179	
23 190	
24 5	
24 9	
24 22	
24 23	
24 27	
24 30	
24 38	
24 49	
24 96	
24 138	
24 198	
25 3	
25 6	
25 13	
25 17	
25 27	
25 29	
25 33	
25 44	
25 46	
25 51	
25 53	
25 63	
25 69	
25 85	
25 91	
25 112	
25 124	
25 136	
25 150	
25 191	
25 197	
26 5	
26 6	
26 15	
26 22	
26 31	
26 33	
26 34	
26 35	
26 47	
26 54	
26 71	
26 76	
26 83	
26 84	
26 127	
26 135	
26 167	
26 188	
27 13	
27 23	
27 24	
27 25	
27 34	
27 45	
27 64	
27 69	
27 70	
27 73	
27 79	
27 82	
27 108	
27 118	
27 129	
27 153	
27 158	
27 177	
28 3	
28 17	
28 21	
28 22	
28 82	
28 161	
28 180	
29 3	
29 5	
29 10	
29 25	
29 31	
29 32	
29 40	
29 43	
29 52	
29 53	
29 56	
29 59	
29 78	
29 81	
29 83	
29 84	
29 89	
29 90	
29 99	
29 104	
29 113	
29 115	
29 163	
29 165	
29 171	
29 185	
29 195	
29 199	
30 5	
30 21	
30 22	
30 24	
30 35	
30 36	
30 39	
30 41	
30 43	
30 47	
30 48	
30 51	
30 54	
30 55	
30 56	
30 57	
30 58	
30 59	
30 63	
30 65	
30 66	
30 79	
30 87	
30 93	
30 95	
30 97	
30 99	
30 100	
30 104	
30 112	
30 126	
30 127	
30 129	
30 132	
30 133	
30 142	
30 153	
30 170	
30 177	
30 193	
30 196	
31 13	
31 17	
31 26	
31 29	
31 78	
31 92	
31 137	
31 187	
32 3	
32 11	
32 14	
32 29	
32 37	
32 38	
32 41	
32 50	
32 162	
32 172	
32 184	
32 195	
33 17	
33 23	
33 25	
33 26	
33 35	
33 61	
33 74	
33 97	
33 113	
33 126	
33 166	
33 175	
33 178	
34 11	
34 14	
34 26	
34 27	
34 40	
34 52	
34 77	
34 94	
34 95	
34 169	
34 173	
35 5	
35 26	
35 30	
35 33	
35 37	
35 44	
35 49	
35 85	
35 87	
35 146	
35 155	
36 5	
36 17	
36 22	
36 30	
36 72	
36 77	
36 167	
36 168	
36 184	
36 197	
36 199	
37 1	
37 22	
37 32	
37 35	
37 51	
37 63	
37 107	
37 114	
37 119	
38 5	
38 22	
38 24	
38 32	
38 40	
38 48	
38 58	
38 86	
39 3	
39 14	
39 17	
39 30	
39 40	
39 43	
39 46	
39 65	
39 101	
39 105	
39 143	
39 194	
40 29	
40 34	
40 38	
40 39	
40 49	
40 50	
40 59	
40 62	
40 71	
40 81	
40 110	
40 123	
40 127	
40 128	
40 134	
40 141	
40 144	
40 165	
40 167	
40 168	
40 169	
40 178	
40 179	
40 191	
41 9	
41 11	
41 30	
41 32	
41 61	
41 72	
41 100	
41 106	
41 120	
41 134	
41 181	
42 3	
42 5	
42 17	
42 23	
42 50	
42 92	
42 110	
42 122	
42 144	
43 21	
43 29	
43 30	
43 39	
43 78	
43 111	
43 114	
43 142	
43 151	
43 155	
43 198	
44 1	
44 7	
44 25	
44 35	
44 62	
44 157	
44 159	
44 194	
45 5	
45 20	
45 22	
45 27	
45 60	
45 108	
45 160	
45 192	
46 3	
46 6	
46 25	
46 39	
46 74	
46 98	
46 102	
46 137	
47 7	
47 14	
47 26	
47 30	
47 57	
47 65	
47 71	
47 104	
48 6	
48 23	
48 30	
48 38	
48 53	
48 58	
48 68	
48 79	
48 88	
48 90	
48 119	
48 121	
48 130	
48 149	
48 154	
48 182	
49 19	
49 24	
49 35	
49 40	
49 52	
49 109	
49 148	
50 14	
50 32	
50 40	
50 42	
50 52	
50 70	
50 73	
50 75	
50 79	
50 89	
50 102	
50 118	
50 123	
50 154	
50 176	
50 198	
51 3	
51 25	
51 30	
51 37	
51 53	
51 62	
51 80	
51 81	
51 90	
51 92	
51 106	
51 133	
51 154	
51 159	
51 163	
51 171	
51 186	
51 189	
51 194	
52 29	
52 34	
52 49	
52 50	
52 66	
52 67	
52 131	
52 139	
52 174	
52 187	
53 25	
53 29	
53 48	
53 51	
53 114	
53 137	
54 5	
54 6	
54 26	
54 30	
54 57	
54 64	
54 100	
54 122	
54 126	
54 132	
54 136	
54 149	
55 3	
55 6	
55 17	
55 30	
55 86	
55 143	
55 147	
55 152	
55 172	
56 20	
56 22	
56 29	
56 30	
56 66	
56 67	
56 69	
56 71	
56 77	
56 78	
56 82	
56 91	
56 115	
56 139	
56 141	
56 142	
56 150	
56 157	
56 163	
56 181	
56 183	
57 23	
57 30	
57 47	
57 54	
57 105	
58 17	
58 30	
58 38	
58 48	
58 73	
58 82	
58 102	
58 116	
58 143	
58 149	
58 171	
59 6	
59 29	
59 30	
59 40	
59 76	
59 174	
60 1	
60 4	
60 17	
60 45	
60 94	
60 175	
60 200	
61 7	
61 23	
61 33	
61 41	
61 64	
61 70	
61 101	
61 110	
61 164	
61 176	
62 22	
62 40	
62 44	
62 51	
63 3	
63 25	
63 30	
63 37	
63 75	
63 98	
63 110	
64 17	
64 27	
64 54	
64 61	
64 95	
64 138	
65 3	
65 30	
65 39	
65 47	
65 121	
65 123	
65 170	
66 5	
66 30	
66 52	
66 56	
66 91	
66 95	
66 105	
66 109	
66 117	
66 122	
66 140	
66 147	
66 161	
67 1	
67 5	
67 52	
67 56	
67 97	
68 3	
68 14	
68 22	
68 48	
68 72	
68 80	
68 88	
68 97	
68 98	
68 103	
68 134	
68 196	
69 6	
69 25	
69 27	
69 56	
69 77	
70 22	
70 27	
70 50	
70 61	
70 73	
70 87	
70 125	
70 148	
71 26	
71 40	
71 47	
71 56	
71 93	
71 124	
72 5	
72 36	
72 41	
72 68	
72 75	
72 83	
72 134	
72 136	
73 27	
73 50	
73 58	
73 70	
73 85	
73 93	
73 197	
74 4	
74 17	
74 33	
74 46	
74 75	
74 119	
74 123	
74 128	
74 156	
74 157	
74 159	
74 172	
74 187	
74 192	
75 50	
75 63	
75 72	
75 74	
75 112	
76 15	
76 21	
76 26	
76 59	
76 111	
76 125	
76 135	
76 161	
76 192	
76 193	
77 34	
77 36	
77 56	
77 69	
77 158	
77 172	
77 196	
78 29	
78 31	
78 43	
78 56	
78 88	
78 107	
78 125	
78 127	
78 130	
78 200	
79 27	
79 30	
79 48	
79 50	
79 96	
79 131	
79 153	
79 162	
80 11	
80 13	
80 51	
80 68	
80 128	
81 23	
81 29	
81 40	
81 51	
81 122	
82 27	
82 28	
82 56	
82 58	
82 129	
82 139	
83 3	
83 26	
83 29	
83 72	
83 118	
84 1	
84 20	
84 26	
84 29	
84 94	
84 186	
84 187	
85 13	
85 25	
85 35	
85 73	
85 86	
85 107	
85 145	
86 17	
86 38	
86 55	
86 85	
86 114	
86 121	
86 183	
87 7	
87 30	
87 35	
87 70	
87 92	
87 131	
87 193	
88 23	
88 48	
88 68	
88 78	
89 6	
89 13	
89 29	
89 50	
89 115	
89 135	
90 22	
90 29	
90 48	
90 51	
90 116	
91 22	
91 25	
91 56	
91 66	
91 116	
91 179	
91 185	
92 31	
92 42	
92 51	
92 87	
92 121	
93 9	
93 30	
93 71	
93 73	
93 119	
94 22	
94 34	
94 60	
94 84	
94 120	
95 30	
95 34	
95 64	
95 66	
96 6	
96 17	
96 24	
96 79	
97 30	
97 33	
97 67	
97 68	
97 106	
97 144	
98 15	
98 46	
98 63	
98 68	
98 169	
99 5	
99 11	
99 29	
99 30	
99 145	
99 175	
99 197	
100 20	
100 30	
100 41	
100 54	
100 128	
101 3	
101 22	
101 39	
101 61	
101 151	
102 9	
102 46	
102 50	
102 58	
102 153	
102 189	
103 1	
103 3	
103 13	
103 68	
103 143	
104 15	
104 29	
104 30	
104 47	
105 17	
105 39	
105 57	
105 66	
105 132	
105 179	
106 9	
106 41	
106 51	
106 97	
106 165	
107 22	
107 37	
107 78	
107 85	
107 118	
108 20	
108 23	
108 27	
108 45	
108 189	
109 20	
109 22	
109 49	
109 66	
109 135	
109 159	
109 195	
109 199	
110 40	
110 42	
110 61	
110 63	
110 140	
111 7	
111 23	
111 43	
111 76	
111 130	
111 137	
112 22	
112 25	
112 30	
112 75	
113 5	
113 17	
113 29	
113 33	
114 37	
114 43	
114 53	
114 86	
114 189	
115 23	
115 29	
115 56	
115 89	
115 124	
115 140	
115 160	
115 193	
116 6	
116 58	
116 90	
116 91	
117 11	
117 17	
117 21	
117 66	
117 180	
118 27	
118 50	
118 83	
118 107	
118 125	
118 182	
119 37	
119 48	
119 74	
119 93	
119 146	
119 148	
119 150	
119 183	
120 6	
120 23	
120 41	
120 94	
120 155	
121 48	
121 65	
121 86	
121 92	
122 42	
122 54	
122 66	
122 81	
123 40	
123 50	
123 65	
123 74	
124 17	
124 25	
124 71	
124 115	
124 136	
124 156	
125 70	
125 76	
125 78	
125 118	
125 161	
126 14	
126 30	
126 33	
126 54	
126 168	
126 188	
127 26	
127 30	
127 40	
127 78	
127 190	
128 40	
128 74	
128 80	
128 100	
129 22	
129 27	
129 30	
129 82	
129 157	
129 166	
129 167	
130 20	
130 48	
130 78	
130 111	
130 190	
130 200	
131 3	
131 52	
131 79	
131 87	
131 148	
132 3	
132 30	
132 54	
132 105	
132 149	
133 6	
133 20	
133 30	
133 51	
133 190	
134 40	
134 41	
134 68	
134 72	
135 26	
135 76	
135 89	
135 109	
135 168	
136 25	
136 54	
136 72	
136 124	
137 31	
137 46	
137 53	
137 111	
138 3	
138 21	
138 24	
138 64	
138 145	
138 156	
139 22	
139 52	
139 56	
139 82	
139 158	
140 7	
140 66	
140 110	
140 115	
140 142	
140 162	
140 182	
141 1	
141 23	
141 40	
141 56	
141 144	
142 30	
142 43	
142 56	
142 140	
143 39	
143 55	
143 58	
143 103	
143 170	
144 40	
144 42	
144 97	
144 141	
145 5	
145 85	
145 99	
145 138	
146 5	
146 6	
146 35	
146 119	
147 5	
147 17	
147 55	
147 66	
148 49	
148 70	
148 119	
148 131	
149 48	
149 54	
149 58	
149 132	
149 173	
149 185	
150 23	
150 25	
150 56	
150 119	
151 6	
151 13	
151 43	
151 101	
151 192	
152 3	
152 4	
152 10	
152 55	
153 27	
153 30	
153 79	
153 102	
154 19	
154 48	
154 50	
154 51	
154 156	
154 196	
155 20	
155 35	
155 43	
155 120	
155 176	
156 74	
156 124	
156 138	
156 154	
157 44	
157 56	
157 74	
157 129	
157 200	
158 13	
158 27	
158 77	
158 139	
158 180	
158 181	
159 44	
159 51	
159 74	
159 109	
160 20	
160 23	
160 45	
160 115	
160 169	
160 175	
161 28	
161 66	
161 76	
161 125	
161 188	
162 1	
162 32	
162 79	
162 140	
163 22	
163 29	
163 51	
163 56	
163 184	
164 1	
164 3	
164 21	
164 61	
165 17	
165 29	
165 40	
165 106	
166 5	
166 20	
166 33	
166 129	
167 26	
167 36	
167 40	
167 129	
168 36	
168 40	
168 126	
168 135	
168 195	
169 34	
169 40	
169 98	
169 160	
170 6	
170 30	
170 65	
170 143	
170 183	
171 3	
171 29	
171 51	
171 58	
171 177	
171 194	
172 32	
172 55	
172 74	
172 77	
173 11	
173 22	
173 34	
173 149	
174 15	
174 21	
174 52	
174 59	
175 33	
175 60	
175 99	
175 160	
176 22	
176 50	
176 61	
176 155	
176 181	
177 23	
177 27	
177 30	
177 171	
178 10	
178 11	
178 33	
178 40	
178 180	
179 23	
179 40	
179 91	
179 105	
180 28	
180 117	
180 158	
180 178	
181 41	
181 56	
181 158	
181 176	
182 7	
182 48	
182 118	
182 140	
182 191	
183 56	
183 86	
183 119	
183 170	
184 21	
184 32	
184 36	
184 163	
185 3	
185 29	
185 91	
185 149	
186 3	
186 6	
186 51	
186 84	
187 31	
187 52	
187 74	
187 84	
188 3	
188 26	
188 126	
188 161	
189 51	
189 102	
189 108	
189 114	
190 23	
190 127	
190 130	
190 133	
191 3	
191 25	
191 40	
191 182	
192 45	
192 74	
192 76	
192 151	
193 30	
193 76	
193 87	
193 115	
194 39	
194 44	
194 51	
194 171	
195 29	
195 32	
195 109	
195 168	
196 30	
196 68	
196 77	
196 154	
197 25	
197 36	
197 73	
197 99	
198 3	
198 24	
198 43	
198 50	
199 5	
199 29	
199 36	
199 109	
200 60	
200 78	
200 130	
200 157	
