200 	
1 2	
1 20	
1 28	
1 43	
1 55	
1 56	
1 57	
1 63	
1 75	
1 112	
1 116	
1 120	
1 128	
1 134	
1 170	
2 1	
2 10	
2 21	
2 39	
2 45	
2 48	
2 60	
2 70	
2 77	
2 83	
2 111	
2 142	
2 148	
2 162	
2 196	
3 11	
4 8	
4 10	
4 30	
4 144	
4 179	
7 10	
7 19	
7 20	
7 21	
7 23	
7 25	
7 33	
7 34	
7 37	
7 44	
7 48	
7 51	
7 62	
7 65	
7 67	
7 73	
7 92	
7 131	
7 135	
7 147	
7 154	
7 165	
8 4	
8 9	
8 27	
8 29	
8 38	
8 46	
8 47	
8 52	
8 64	
8 156	
9 8	
9 10	
9 15	
9 16	
9 18	
9 24	
9 28	
9 32	
9 40	
9 42	
9 108	
9 122	
9 143	
9 145	
9 157	
9 163	
9 187	
10 2	
10 4	
10 7	
10 9	
10 20	
10 22	
10 23	
10 24	
10 30	
10 34	
10 40	
10 56	
10 70	
10 80	
10 86	
10 104	
10 107	
10 124	
10 129	
10 147	
10 164	
10 171	
11 3	
11 14	
11 22	
11 26	
11 37	
11 39	
11 41	
11 44	
11 45	
11 49	
11 50	
11 62	
11 63	
11 92	
11 105	
11 123	
11 137	
11 188	
14 11	
14 20	
14 23	
14 25	
14 26	
14 29	
14 32	
14 33	
14 34	
14 35	
14 38	
14 48	
14 50	
14 51	
14 69	
14 73	
14 76	
14 81	
14 83	
14 88	
14 93	
14 100	
14 123	
14 133	
14 138	
14 151	
14 152	
14 163	
14 170	
14 174	
14 185	
15 9	
15 16	
15 21	
15 24	
15 25	
15 27	
15 28	
15 31	
15 46	
15 47	
15 51	
15 52	
15 87	
15 90	
15 91	
15 133	
16 9	
16 15	
18 9	
18 33	
18 36	
18 39	
18 42	
18 66	
18 109	
18 141	
18 143	
18 146	
18 161	
18 177	
18 190	
19 7	
19 21	
19 22	
19 27	
19 29	
19 36	
19 43	
19 55	
19 56	
19 57	
19 92	
19 97	
19 114	
19 116	
19 129	
19 158	
19 164	
19 172	
20 1	
20 7	
20 10	
20 14	
20 22	
20 23	
20 26	
20 29	
20 31	
20 32	
20 39	
20 45	
20 61	
20 65	
20 76	
20 86	
20 106	
20 107	
20 110	
20 165	
20 179	
21 2	
21 7	
21 15	
21 19	
21 24	
21 28	
21 33	
21 130	
21 145	
21 176	
21 189	
22 10	
22 11	
22 19	
22 20	
22 31	
22 40	
22 46	
22 80	
22 82	
22 88	
22 89	
22 95	
22 100	
22 116	
22 136	
22 151	
22 196	
23 7	
23 10	
23 14	
23 20	
23 26	
23 54	
23 63	
23 90	
23 99	
23 109	
23 120	
23 124	
23 137	
23 149	
23 167	
23 183	
24 9	
24 10	
24 15	
24 21	
24 25	
24 27	
24 30	
24 38	
24 81	
24 136	
24 173	
24 174	
24 177	
25 7	
25 14	
25 15	
25 24	
25 32	
25 34	
25 57	
25 62	
25 71	
25 85	
25 103	
25 135	
25 190	
26 11	
26 14	
26 20	
26 23	
26 38	
26 57	
26 58	
26 60	
26 72	
26 77	
26 78	
26 91	
26 93	
26 104	
26 115	
26 133	
26 150	
27 8	
27 15	
27 19	
27 24	
27 30	
27 56	
27 96	
27 142	
27 158	
27 162	
27 184	
27 199	
28 1	
28 9	
28 15	
28 21	
28 37	
28 43	
28 46	
28 60	
28 66	
28 78	
28 83	
28 112	
28 125	
28 132	
28 183	
29 8	
29 14	
29 19	
29 20	
29 31	
29 35	
29 41	
29 42	
29 50	
29 64	
29 84	
29 85	
29 89	
29 108	
29 120	
29 123	
29 124	
29 126	
29 127	
29 187	
30 4	
30 10	
30 24	
30 27	
30 43	
30 52	
30 62	
30 67	
30 68	
30 79	
30 150	
30 152	
30 193	
30 194	
30 197	
30 199	
31 15	
31 20	
31 22	
31 29	
31 41	
31 69	
31 105	
31 121	
31 148	
31 176	
32 9	
32 14	
32 20	
32 25	
32 35	
32 36	
32 48	
32 54	
32 61	
32 131	
32 144	
32 149	
32 168	
32 173	
32 178	
33 7	
33 14	
33 18	
33 21	
33 67	
33 77	
33 82	
33 86	
33 102	
33 108	
33 162	
33 163	
33 198	
34 7	
34 10	
34 14	
34 25	
34 35	
34 41	
34 49	
34 65	
34 67	
34 70	
34 76	
34 82	
34 101	
34 122	
34 126	
34 131	
34 159	
34 186	
35 14	
35 29	
35 32	
35 34	
35 36	
35 40	
35 47	
35 49	
35 54	
35 55	
35 66	
35 68	
35 72	
35 101	
35 153	
35 185	
35 191	
36 18	
36 19	
36 32	
36 35	
36 37	
36 45	
36 59	
36 60	
36 83	
36 94	
36 122	
36 127	
36 143	
36 160	
36 161	
36 182	
37 7	
37 11	
37 28	
37 36	
37 44	
37 55	
37 74	
37 96	
37 98	
37 99	
37 103	
37 108	
37 144	
37 146	
37 165	
38 8	
38 14	
38 24	
38 26	
38 42	
38 104	
38 121	
38 132	
38 172	
39 2	
39 11	
39 18	
39 20	
39 53	
39 54	
39 58	
39 64	
39 69	
39 84	
39 113	
39 137	
39 163	
39 166	
39 180	
39 187	
40 9	
40 10	
40 22	
40 35	
40 61	
40 68	
41 11	
41 29	
41 31	
41 34	
41 52	
41 53	
41 74	
41 92	
41 117	
41 139	
41 141	
41 148	
41 156	
41 183	
41 184	
42 9	
42 18	
42 29	
42 38	
42 44	
42 47	
42 49	
42 58	
42 59	
42 64	
42 69	
42 84	
42 95	
42 106	
42 114	
42 139	
42 153	
42 181	
43 1	
43 19	
43 28	
43 30	
43 58	
43 91	
43 141	
44 7	
44 11	
44 37	
44 42	
44 59	
44 79	
44 98	
44 188	
45 2	
45 11	
45 20	
45 36	
45 53	
45 90	
45 99	
46 8	
46 15	
46 22	
46 28	
46 74	
46 93	
46 157	
46 191	
47 8	
47 15	
47 35	
47 42	
48 2	
48 7	
48 14	
48 32	
48 61	
48 158	
48 195	
48 197	
49 11	
49 34	
49 35	
49 42	
49 50	
49 51	
49 53	
49 71	
49 79	
49 80	
49 81	
49 102	
49 125	
49 128	
49 155	
49 174	
49 177	
50 11	
50 14	
50 29	
50 49	
50 73	
50 87	
50 135	
50 176	
50 182	
50 198	
51 7	
51 14	
51 15	
51 49	
51 68	
51 75	
51 79	
51 114	
51 153	
51 181	
52 8	
52 15	
52 30	
52 41	
52 63	
52 95	
52 113	
52 130	
52 184	
52 187	
53 39	
53 41	
53 45	
53 49	
53 72	
53 94	
53 97	
53 105	
53 112	
53 118	
53 145	
53 160	
53 173	
54 23	
54 32	
54 35	
54 39	
54 75	
54 148	
54 160	
54 200	
55 1	
55 19	
55 35	
55 37	
55 59	
55 72	
55 76	
55 80	
55 89	
55 107	
55 116	
55 134	
55 135	
55 152	
55 155	
55 167	
55 168	
56 1	
56 10	
56 19	
56 27	
56 65	
56 70	
56 113	
56 118	
56 150	
57 1	
57 19	
57 25	
57 26	
57 71	
57 75	
57 93	
57 111	
57 152	
57 186	
58 26	
58 39	
58 42	
58 43	
58 78	
58 81	
58 140	
58 169	
58 171	
58 186	
59 36	
59 42	
59 44	
59 55	
59 66	
59 104	
59 195	
60 2	
60 26	
60 28	
60 36	
60 109	
61 20	
61 32	
61 40	
61 48	
61 74	
61 87	
61 88	
61 136	
61 171	
61 189	
62 7	
62 11	
62 25	
62 30	
62 120	
63 1	
63 11	
63 23	
63 52	
63 73	
63 95	
63 110	
63 127	
63 129	
63 177	
64 8	
64 29	
64 39	
64 42	
64 140	
64 153	
64 179	
64 200	
65 7	
65 20	
65 34	
65 56	
65 106	
65 193	
66 18	
66 28	
66 35	
66 59	
66 96	
66 102	
66 123	
66 149	
66 155	
67 7	
67 30	
67 33	
67 34	
67 71	
67 115	
67 117	
68 30	
68 35	
68 40	
68 51	
68 86	
68 101	
68 103	
68 146	
68 159	
68 175	
68 182	
68 194	
69 14	
69 31	
69 39	
69 42	
69 111	
69 118	
69 133	
70 2	
70 10	
70 34	
70 56	
70 77	
70 85	
70 91	
70 109	
70 114	
70 117	
70 119	
71 25	
71 49	
71 57	
71 67	
71 119	
71 142	
71 197	
72 26	
72 35	
72 53	
72 55	
72 78	
72 173	
72 186	
72 192	
73 7	
73 14	
73 50	
73 63	
74 37	
74 41	
74 46	
74 61	
74 88	
74 130	
75 1	
75 51	
75 54	
75 57	
75 84	
75 115	
75 138	
75 150	
75 188	
76 14	
76 20	
76 34	
76 55	
76 125	
77 2	
77 26	
77 33	
77 70	
77 82	
77 97	
77 101	
77 105	
77 119	
77 125	
77 126	
77 128	
77 149	
77 154	
77 189	
78 26	
78 28	
78 58	
78 72	
79 30	
79 44	
79 49	
79 51	
79 87	
79 90	
79 110	
79 112	
79 136	
79 141	
79 156	
79 162	
79 188	
80 10	
80 22	
80 49	
80 55	
80 142	
80 176	
81 14	
81 24	
81 49	
81 58	
81 85	
81 96	
81 97	
81 100	
81 110	
81 127	
81 137	
81 145	
81 146	
81 178	
82 22	
82 33	
82 34	
82 77	
82 147	
83 2	
83 14	
83 28	
83 36	
84 29	
84 39	
84 42	
84 75	
84 89	
84 134	
84 175	
84 190	
85 25	
85 29	
85 70	
85 81	
85 192	
86 10	
86 20	
86 33	
86 68	
86 94	
86 111	
86 119	
86 151	
86 200	
87 15	
87 50	
87 61	
87 79	
87 121	
87 128	
88 14	
88 22	
88 61	
88 74	
88 139	
89 22	
89 29	
89 55	
89 84	
89 94	
89 196	
90 15	
90 23	
90 45	
90 79	
90 106	
90 180	
90 192	
91 15	
91 26	
91 43	
91 70	
91 140	
91 143	
91 164	
91 194	
91 199	
92 7	
92 11	
92 19	
92 41	
92 185	
93 14	
93 26	
93 46	
93 57	
93 98	
93 195	
94 36	
94 53	
94 86	
94 89	
94 103	
94 129	
94 138	
95 22	
95 42	
95 52	
95 63	
95 144	
95 181	
96 27	
96 37	
96 66	
96 81	
96 99	
96 102	
96 113	
96 132	
96 168	
96 194	
97 19	
97 53	
97 77	
97 81	
97 98	
97 115	
97 130	
97 139	
98 37	
98 44	
98 93	
98 97	
98 100	
98 193	
99 23	
99 37	
99 45	
99 96	
99 117	
99 147	
99 155	
100 14	
100 22	
100 81	
100 98	
100 132	
101 34	
101 35	
101 68	
101 77	
101 140	
101 161	
101 198	
102 33	
102 49	
102 66	
102 96	
102 121	
103 25	
103 37	
103 68	
103 94	
103 183	
104 10	
104 26	
104 38	
104 59	
104 156	
105 11	
105 31	
105 53	
105 77	
106 20	
106 42	
106 65	
106 90	
106 107	
106 124	
106 126	
106 199	
107 10	
107 20	
107 55	
107 106	
107 166	
107 174	
108 9	
108 29	
108 33	
108 37	
108 151	
109 18	
109 23	
109 60	
109 70	
110 20	
110 63	
110 79	
110 81	
110 159	
110 178	
110 190	
111 2	
111 57	
111 69	
111 86	
112 1	
112 28	
112 53	
112 79	
112 154	
112 165	
112 169	
112 175	
112 185	
113 39	
113 52	
113 56	
113 96	
114 19	
114 42	
114 51	
114 70	
115 26	
115 67	
115 75	
115 97	
116 1	
116 19	
116 22	
116 55	
116 118	
117 41	
117 67	
117 70	
117 99	
117 193	
118 53	
118 56	
118 69	
118 116	
118 134	
118 171	
119 70	
119 71	
119 77	
119 86	
120 1	
120 23	
120 29	
120 62	
120 122	
120 181	
120 189	
121 31	
121 38	
121 87	
121 102	
122 9	
122 34	
122 36	
122 120	
122 161	
122 192	
122 196	
122 200	
123 11	
123 14	
123 29	
123 66	
123 168	
123 170	
123 191	
124 10	
124 23	
124 29	
124 106	
124 131	
125 28	
125 49	
125 76	
125 77	
126 29	
126 34	
126 77	
126 106	
126 178	
127 29	
127 36	
127 63	
127 81	
128 1	
128 49	
128 77	
128 87	
129 10	
129 19	
129 63	
129 94	
130 21	
130 52	
130 74	
130 97	
131 7	
131 32	
131 34	
131 124	
131 138	
132 28	
132 38	
132 96	
132 100	
132 179	
132 195	
133 14	
133 15	
133 26	
133 69	
133 170	
134 1	
134 55	
134 84	
134 118	
134 164	
135 7	
135 25	
135 50	
135 55	
135 160	
135 167	
136 22	
136 24	
136 61	
136 79	
137 11	
137 23	
137 39	
137 81	
137 169	
137 172	
138 14	
138 75	
138 94	
138 131	
139 41	
139 42	
139 88	
139 97	
139 157	
140 58	
140 64	
140 91	
140 101	
141 18	
141 41	
141 43	
141 79	
141 198	
142 2	
142 27	
142 71	
142 80	
143 9	
143 18	
143 36	
143 91	
143 158	
144 4	
144 32	
144 37	
144 95	
144 166	
145 9	
145 21	
145 53	
145 81	
146 18	
146 37	
146 68	
146 81	
146 167	
147 7	
147 10	
147 82	
147 99	
148 2	
148 31	
148 41	
148 54	
148 159	
148 166	
148 172	
149 23	
149 32	
149 66	
149 77	
149 157	
149 169	
150 26	
150 30	
150 56	
150 75	
151 14	
151 22	
151 86	
151 108	
151 180	
152 14	
152 30	
152 55	
152 57	
152 154	
153 35	
153 42	
153 51	
153 64	
154 7	
154 77	
154 112	
154 152	
155 49	
155 55	
155 66	
155 99	
156 8	
156 41	
156 79	
156 104	
157 9	
157 46	
157 139	
157 149	
158 19	
158 27	
158 48	
158 143	
159 34	
159 68	
159 110	
159 148	
160 36	
160 53	
160 54	
160 135	
161 18	
161 36	
161 101	
161 122	
162 2	
162 27	
162 33	
162 79	
163 9	
163 14	
163 33	
163 39	
163 175	
163 184	
164 10	
164 19	
164 91	
164 134	
165 7	
165 20	
165 37	
165 112	
166 39	
166 107	
166 144	
166 148	
167 23	
167 55	
167 135	
167 146	
168 32	
168 55	
168 96	
168 123	
169 58	
169 112	
169 137	
169 149	
170 1	
170 14	
170 123	
170 133	
171 10	
171 58	
171 61	
171 118	
171 182	
172 19	
172 38	
172 137	
172 148	
173 24	
173 32	
173 53	
173 72	
173 180	
174 14	
174 24	
174 49	
174 107	
175 68	
175 84	
175 112	
175 163	
176 21	
176 31	
176 50	
176 80	
177 18	
177 24	
177 49	
177 63	
177 191	
178 32	
178 81	
178 110	
178 126	
179 4	
179 20	
179 64	
179 132	
180 39	
180 90	
180 151	
180 173	
181 42	
181 51	
181 95	
181 120	
182 36	
182 50	
182 68	
182 171	
183 23	
183 28	
183 41	
183 103	
184 27	
184 41	
184 52	
184 163	
185 14	
185 35	
185 92	
185 112	
186 34	
186 57	
186 58	
186 72	
187 9	
187 29	
187 39	
187 52	
188 11	
188 44	
188 75	
188 79	
189 21	
189 61	
189 77	
189 120	
190 18	
190 25	
190 84	
190 110	
191 35	
191 46	
191 123	
191 177	
192 72	
192 85	
192 90	
192 122	
192 197	
193 30	
193 65	
193 98	
193 117	
194 30	
194 68	
194 91	
194 96	
195 48	
195 59	
195 93	
195 132	
196 2	
196 22	
196 89	
196 122	
197 30	
197 48	
197 71	
197 192	
198 33	
198 50	
198 101	
198 141	
199 27	
199 30	
199 91	
199 106	
200 54	
200 64	
200 86	
200 122	
