200 	
1 13	
1 158	
2 6	
2 22	
2 47	
2 76	
2 91	
2 98	
2 175	
2 187	
2 193	
3 10	
4 6	
4 7	
4 14	
4 16	
4 21	
4 22	
4 23	
4 25	
4 26	
4 30	
4 32	
4 33	
4 34	
4 36	
4 40	
4 41	
4 42	
4 44	
4 45	
4 46	
4 49	
4 52	
4 63	
4 64	
4 65	
4 70	
4 71	
4 75	
4 87	
4 88	
4 94	
4 96	
4 119	
4 125	
4 127	
4 147	
4 191	
5 14	
5 18	
5 23	
5 25	
5 26	
5 30	
5 31	
5 37	
5 49	
5 50	
5 51	
5 53	
5 82	
5 86	
5 101	
5 114	
5 121	
5 128	
5 140	
5 168	
5 198	
6 2	
6 4	
6 21	
6 22	
6 25	
6 27	
6 28	
6 31	
6 32	
6 37	
6 39	
6 44	
6 53	
6 60	
6 72	
6 79	
6 80	
6 83	
6 86	
6 97	
6 124	
6 127	
6 130	
6 132	
6 133	
6 142	
6 148	
6 176	
6 180	
6 196	
6 200	
7 4	
7 20	
7 37	
7 54	
7 63	
7 65	
7 70	
7 163	
7 164	
8 20	
8 21	
8 23	
8 24	
8 25	
8 33	
8 38	
8 40	
8 44	
8 46	
8 68	
8 70	
8 78	
8 86	
8 96	
8 112	
8 159	
8 174	
8 179	
10 3	
10 22	
10 28	
10 29	
10 43	
10 57	
10 84	
10 87	
10 88	
10 92	
10 95	
10 99	
10 103	
10 109	
10 123	
10 131	
10 138	
10 139	
10 188	
13 1	
13 21	
13 23	
13 35	
13 86	
13 151	
13 165	
14 4	
14 5	
14 24	
14 34	
14 45	
14 50	
14 57	
14 89	
14 113	
14 137	
14 152	
14 165	
16 4	
16 38	
16 93	
18 5	
20 7	
20 8	
20 34	
20 40	
20 195	
21 4	
21 6	
21 8	
21 13	
21 24	
21 29	
21 50	
21 51	
21 59	
21 66	
21 67	
21 70	
21 71	
21 72	
21 79	
21 107	
21 114	
21 127	
21 133	
21 138	
21 143	
21 145	
21 153	
21 163	
21 168	
21 171	
21 172	
21 187	
21 191	
22 2	
22 4	
22 6	
22 10	
22 24	
22 27	
22 30	
22 31	
22 34	
22 35	
22 42	
22 47	
22 50	
22 51	
22 60	
22 61	
22 62	
22 69	
22 74	
22 77	
22 78	
22 81	
22 91	
22 108	
22 109	
22 132	
22 142	
22 159	
22 164	
22 167	
22 176	
23 4	
23 5	
23 8	
23 13	
23 26	
23 27	
23 28	
23 32	
23 39	
23 41	
23 43	
23 48	
23 52	
23 54	
23 55	
23 59	
23 63	
23 66	
23 69	
23 73	
23 75	
23 80	
23 81	
23 85	
23 93	
23 115	
23 135	
23 137	
23 146	
23 157	
23 185	
23 190	
23 197	
24 8	
24 14	
24 21	
24 22	
24 26	
24 29	
24 39	
24 47	
24 56	
24 65	
24 69	
24 99	
24 128	
24 186	
24 189	
25 4	
25 5	
25 6	
25 8	
25 38	
25 39	
25 47	
25 52	
25 62	
25 79	
25 110	
25 111	
25 112	
25 126	
25 155	
25 173	
25 186	
26 4	
26 5	
26 23	
26 24	
26 27	
26 28	
26 44	
26 52	
26 61	
26 66	
26 71	
26 73	
26 89	
26 94	
26 104	
26 136	
26 161	
26 163	
26 169	
26 173	
26 177	
26 179	
26 196	
27 6	
27 22	
27 23	
27 26	
27 29	
27 33	
27 41	
27 45	
27 46	
27 54	
27 56	
27 58	
27 61	
27 68	
27 72	
27 78	
27 81	
27 97	
27 103	
27 106	
27 116	
27 118	
27 119	
27 120	
27 126	
27 131	
27 135	
27 156	
27 182	
27 200	
28 6	
28 10	
28 23	
28 26	
28 35	
28 36	
28 59	
28 75	
28 76	
28 120	
28 130	
28 142	
28 143	
28 145	
28 154	
28 160	
28 161	
28 175	
28 177	
28 189	
29 10	
29 21	
29 24	
29 27	
29 30	
29 31	
29 40	
29 45	
29 46	
29 49	
29 68	
29 87	
29 90	
29 93	
29 115	
29 125	
29 143	
29 170	
29 173	
29 179	
29 187	
29 195	
29 198	
30 4	
30 5	
30 22	
30 29	
30 36	
30 37	
30 43	
30 48	
30 58	
30 67	
30 153	
30 158	
30 183	
31 5	
31 6	
31 22	
31 29	
31 32	
31 33	
31 35	
31 67	
31 108	
31 136	
31 150	
31 175	
32 4	
32 6	
32 23	
32 31	
32 36	
32 123	
32 140	
32 141	
32 174	
33 4	
33 8	
33 27	
33 31	
33 43	
33 53	
33 55	
33 80	
33 95	
33 131	
33 132	
33 167	
33 170	
34 4	
34 14	
34 20	
34 22	
34 90	
34 104	
34 171	
35 13	
35 22	
35 28	
35 31	
35 38	
35 72	
35 116	
35 136	
36 4	
36 28	
36 30	
36 32	
36 56	
36 74	
36 84	
36 108	
36 151	
36 176	
37 5	
37 6	
37 7	
37 30	
37 60	
37 98	
37 105	
37 174	
37 196	
38 8	
38 16	
38 25	
38 35	
38 42	
38 104	
38 115	
38 189	
39 6	
39 23	
39 24	
39 25	
39 54	
39 62	
39 100	
39 105	
39 106	
39 124	
39 199	
40 4	
40 8	
40 20	
40 29	
40 41	
40 42	
40 59	
40 96	
40 119	
40 137	
40 143	
41 4	
41 23	
41 27	
41 40	
41 51	
41 57	
41 107	
42 4	
42 22	
42 38	
42 40	
42 77	
42 132	
42 140	
43 10	
43 23	
43 30	
43 33	
43 48	
43 53	
43 84	
44 4	
44 6	
44 8	
44 26	
44 61	
44 64	
44 69	
44 93	
44 111	
44 129	
44 138	
44 141	
44 160	
44 182	
44 193	
45 4	
45 14	
45 27	
45 29	
45 65	
45 177	
46 4	
46 8	
46 27	
46 29	
46 55	
46 67	
46 71	
46 78	
46 84	
46 101	
46 112	
46 118	
46 162	
46 166	
46 169	
46 191	
47 2	
47 22	
47 24	
47 25	
47 48	
47 49	
47 106	
47 147	
48 23	
48 30	
48 43	
48 47	
48 57	
48 79	
48 97	
48 101	
48 122	
48 131	
48 149	
48 152	
48 168	
48 169	
49 4	
49 5	
49 29	
49 47	
49 58	
49 113	
49 144	
49 155	
50 5	
50 14	
50 21	
50 22	
50 55	
50 73	
50 121	
50 122	
50 196	
51 5	
51 21	
51 22	
51 41	
51 56	
51 66	
51 82	
51 119	
51 156	
51 193	
52 4	
52 23	
52 25	
52 26	
52 63	
52 99	
52 144	
52 160	
53 5	
53 6	
53 33	
53 43	
53 81	
53 107	
53 134	
54 7	
54 23	
54 27	
54 39	
54 74	
54 111	
54 121	
54 164	
54 167	
54 174	
54 175	
54 183	
55 23	
55 33	
55 46	
55 50	
55 60	
55 64	
55 145	
55 148	
55 198	
56 24	
56 27	
56 36	
56 51	
56 89	
56 139	
56 150	
57 10	
57 14	
57 41	
57 48	
57 58	
57 62	
57 64	
57 76	
57 152	
57 190	
58 27	
58 30	
58 49	
58 57	
58 102	
58 166	
58 170	
59 21	
59 23	
59 28	
59 40	
59 68	
59 82	
59 83	
59 95	
59 97	
60 6	
60 22	
60 37	
60 55	
60 85	
60 91	
60 120	
60 121	
61 22	
61 26	
61 27	
61 44	
61 88	
61 100	
61 112	
62 22	
62 25	
62 39	
62 57	
62 77	
62 90	
62 92	
62 122	
62 181	
62 190	
63 4	
63 7	
63 23	
63 52	
63 76	
63 103	
63 105	
63 125	
63 130	
63 136	
64 4	
64 44	
64 55	
64 57	
64 92	
64 128	
64 178	
65 4	
65 7	
65 24	
65 45	
65 75	
65 83	
65 96	
65 106	
65 110	
65 117	
65 133	
66 21	
66 23	
66 26	
66 51	
66 87	
66 100	
66 109	
66 117	
66 172	
66 192	
67 21	
67 30	
67 31	
67 46	
67 90	
67 94	
67 103	
67 104	
67 127	
67 177	
67 184	
68 8	
68 27	
68 29	
68 59	
68 94	
69 22	
69 23	
69 24	
69 44	
69 150	
69 179	
70 4	
70 7	
70 8	
70 21	
70 113	
71 4	
71 21	
71 26	
71 46	
71 73	
71 80	
71 102	
71 167	
72 6	
72 21	
72 27	
72 35	
72 74	
72 83	
72 88	
72 159	
72 185	
73 23	
73 26	
73 50	
73 71	
73 77	
73 85	
73 110	
73 141	
74 22	
74 36	
74 54	
74 72	
74 82	
75 4	
75 23	
75 28	
75 65	
76 2	
76 28	
76 57	
76 63	
76 91	
76 129	
76 171	
76 193	
77 22	
77 42	
77 62	
77 73	
77 118	
77 126	
77 148	
77 149	
77 161	
78 8	
78 22	
78 27	
78 46	
78 92	
78 100	
78 116	
78 146	
78 162	
78 180	
78 197	
79 6	
79 21	
79 25	
79 48	
79 180	
80 6	
80 23	
80 33	
80 71	
80 85	
80 102	
80 138	
80 154	
80 185	
80 200	
81 22	
81 23	
81 27	
81 53	
81 98	
81 99	
81 139	
82 5	
82 51	
82 59	
82 74	
83 6	
83 59	
83 65	
83 72	
83 101	
83 107	
83 108	
83 162	
84 10	
84 36	
84 43	
84 46	
84 113	
84 163	
84 188	
85 23	
85 60	
85 73	
85 80	
85 117	
85 152	
85 184	
86 5	
86 6	
86 8	
86 13	
86 89	
87 4	
87 10	
87 29	
87 66	
87 123	
87 146	
87 155	
87 156	
87 157	
88 4	
88 10	
88 61	
88 72	
88 98	
88 130	
88 134	
88 159	
88 197	
89 14	
89 26	
89 56	
89 86	
89 194	
90 29	
90 34	
90 62	
90 67	
90 125	
90 126	
90 144	
90 146	
90 178	
91 2	
91 22	
91 60	
91 76	
91 140	
91 144	
91 149	
91 199	
92 10	
92 62	
92 64	
92 78	
93 16	
93 23	
93 29	
93 44	
93 153	
93 199	
94 4	
94 26	
94 67	
94 68	
94 95	
94 117	
94 166	
95 10	
95 33	
95 59	
95 94	
95 102	
95 123	
95 145	
96 4	
96 8	
96 40	
96 65	
96 135	
97 6	
97 27	
97 48	
97 59	
98 2	
98 37	
98 81	
98 88	
98 134	
98 147	
99 10	
99 24	
99 52	
99 81	
99 195	
100 39	
100 61	
100 66	
100 78	
100 105	
101 5	
101 46	
101 48	
101 83	
101 178	
101 192	
102 58	
102 71	
102 80	
102 95	
103 10	
103 27	
103 63	
103 67	
104 26	
104 34	
104 38	
104 67	
105 37	
105 39	
105 63	
105 100	
105 109	
105 120	
105 150	
106 27	
106 39	
106 47	
106 65	
106 110	
106 114	
106 118	
106 122	
106 134	
106 141	
106 142	
106 151	
106 187	
106 192	
107 21	
107 41	
107 53	
107 83	
107 133	
108 22	
108 31	
108 36	
108 83	
108 114	
108 170	
109 10	
109 22	
109 66	
109 105	
109 111	
109 116	
109 147	
109 151	
109 164	
109 165	
110 25	
110 65	
110 73	
110 106	
110 129	
110 181	
111 25	
111 44	
111 54	
111 109	
111 124	
111 129	
111 153	
112 8	
112 25	
112 46	
112 61	
112 139	
112 169	
112 173	
113 14	
113 49	
113 70	
113 84	
113 189	
114 5	
114 21	
114 106	
114 108	
114 115	
115 23	
115 29	
115 38	
115 114	
115 128	
115 157	
116 27	
116 35	
116 78	
116 109	
116 148	
117 65	
117 66	
117 85	
117 94	
117 166	
117 172	
118 27	
118 46	
118 77	
118 106	
118 178	
118 188	
118 197	
119 4	
119 27	
119 40	
119 51	
120 27	
120 28	
120 60	
120 105	
121 5	
121 50	
121 54	
121 60	
122 48	
122 50	
122 62	
122 106	
122 124	
122 176	
122 194	
123 10	
123 32	
123 87	
123 95	
124 6	
124 39	
124 111	
124 122	
124 156	
124 162	
125 4	
125 29	
125 63	
125 90	
125 137	
126 25	
126 27	
126 77	
126 90	
127 4	
127 6	
127 21	
127 67	
127 182	
128 5	
128 24	
128 64	
128 115	
128 149	
129 44	
129 76	
129 110	
129 111	
130 6	
130 28	
130 63	
130 88	
130 157	
130 172	
131 10	
131 27	
131 33	
131 48	
131 135	
132 6	
132 22	
132 33	
132 42	
133 6	
133 21	
133 65	
133 107	
134 53	
134 88	
134 98	
134 106	
134 199	
135 23	
135 27	
135 96	
135 131	
135 154	
135 180	
136 26	
136 31	
136 35	
136 63	
137 14	
137 23	
137 40	
137 125	
138 10	
138 21	
138 44	
138 80	
138 158	
138 186	
139 10	
139 56	
139 81	
139 112	
140 5	
140 32	
140 42	
140 91	
141 32	
141 44	
141 73	
141 106	
142 6	
142 22	
142 28	
142 106	
143 21	
143 28	
143 29	
143 40	
144 49	
144 52	
144 90	
144 91	
144 183	
144 191	
145 21	
145 28	
145 55	
145 95	
145 155	
145 198	
146 23	
146 78	
146 87	
146 90	
147 4	
147 47	
147 98	
147 109	
148 6	
148 55	
148 77	
148 116	
148 158	
148 168	
148 182	
149 48	
149 77	
149 91	
149 128	
149 165	
150 31	
150 56	
150 69	
150 105	
150 181	
151 13	
151 36	
151 106	
151 109	
151 154	
152 14	
152 48	
152 57	
152 85	
153 21	
153 30	
153 93	
153 111	
153 160	
153 171	
154 28	
154 80	
154 135	
154 151	
155 25	
155 49	
155 87	
155 145	
156 27	
156 51	
156 87	
156 124	
157 23	
157 87	
157 115	
157 130	
157 161	
157 190	
158 1	
158 30	
158 138	
158 148	
158 184	
159 8	
159 22	
159 72	
159 88	
160 28	
160 44	
160 52	
160 153	
161 26	
161 28	
161 77	
161 157	
161 184	
162 46	
162 78	
162 83	
162 124	
162 195	
162 200	
163 7	
163 21	
163 26	
163 84	
164 7	
164 22	
164 54	
164 109	
164 183	
165 13	
165 14	
165 109	
165 149	
166 46	
166 58	
166 94	
166 117	
167 22	
167 33	
167 54	
167 71	
168 5	
168 21	
168 48	
168 148	
168 188	
169 26	
169 46	
169 48	
169 112	
169 181	
169 185	
170 29	
170 33	
170 58	
170 108	
171 21	
171 34	
171 76	
171 153	
172 21	
172 66	
172 117	
172 130	
173 25	
173 26	
173 29	
173 112	
174 8	
174 32	
174 37	
174 54	
175 2	
175 28	
175 31	
175 54	
176 6	
176 22	
176 36	
176 122	
177 26	
177 28	
177 45	
177 67	
177 194	
178 64	
178 90	
178 101	
178 118	
179 8	
179 26	
179 29	
179 69	
180 6	
180 78	
180 79	
180 135	
181 62	
181 110	
181 150	
181 169	
182 27	
182 44	
182 127	
182 148	
183 30	
183 54	
183 144	
183 164	
183 186	
184 67	
184 85	
184 158	
184 161	
185 23	
185 72	
185 80	
185 169	
186 24	
186 25	
186 138	
186 183	
187 2	
187 21	
187 29	
187 106	
188 10	
188 84	
188 118	
188 168	
188 192	
189 24	
189 28	
189 38	
189 113	
190 23	
190 57	
190 62	
190 157	
191 4	
191 21	
191 46	
191 144	
191 194	
192 66	
192 101	
192 106	
192 188	
193 2	
193 44	
193 51	
193 76	
194 89	
194 122	
194 177	
194 191	
195 20	
195 29	
195 99	
195 162	
196 6	
196 26	
196 37	
196 50	
197 23	
197 78	
197 88	
197 118	
198 5	
198 29	
198 55	
198 145	
199 39	
199 91	
199 93	
199 134	
200 6	
200 27	
200 80	
200 162	
