200 	
1 10	
1 63	
1 177	
3 13	
3 21	
3 32	
3 35	
3 37	
3 45	
3 47	
3 53	
3 60	
3 85	
3 90	
3 92	
3 118	
3 120	
3 122	
3 141	
3 190	
3 200	
5 7	
5 16	
5 26	
5 27	
5 134	
6 19	
6 26	
6 33	
6 41	
6 47	
6 48	
6 114	
7 5	
8 16	
8 18	
8 22	
8 23	
8 24	
8 38	
8 57	
8 82	
8 94	
8 112	
8 114	
8 174	
9 11	
9 19	
9 22	
9 23	
9 28	
9 30	
9 31	
9 34	
9 35	
9 51	
9 54	
9 72	
9 78	
9 80	
9 83	
9 86	
9 109	
9 116	
9 123	
9 151	
9 156	
10 1	
10 21	
10 28	
10 30	
10 33	
10 39	
10 42	
10 61	
10 81	
10 96	
10 98	
10 102	
10 104	
10 161	
10 182	
11 9	
11 31	
11 36	
11 64	
11 147	
11 188	
11 196	
13 3	
13 27	
13 44	
13 47	
13 97	
13 137	
13 154	
16 5	
16 8	
16 20	
16 22	
16 23	
16 30	
16 48	
16 70	
16 87	
16 91	
16 93	
16 110	
16 138	
16 172	
16 179	
18 8	
18 22	
18 24	
18 62	
18 64	
18 90	
18 151	
18 162	
18 172	
19 6	
19 9	
19 20	
19 21	
19 23	
19 24	
19 25	
19 26	
19 29	
19 34	
19 36	
19 37	
19 39	
19 46	
19 55	
19 56	
19 66	
19 74	
19 75	
19 87	
19 96	
19 102	
19 103	
19 112	
19 116	
19 128	
19 135	
19 140	
19 144	
19 146	
19 152	
19 167	
19 176	
19 182	
19 195	
20 16	
20 19	
20 21	
20 26	
20 29	
20 118	
20 121	
20 138	
20 150	
20 153	
21 3	
21 10	
21 19	
21 20	
21 24	
21 25	
21 27	
21 31	
21 40	
21 42	
21 50	
21 52	
21 62	
21 63	
21 68	
21 77	
21 95	
21 109	
21 113	
21 114	
21 115	
21 123	
21 165	
21 197	
21 199	
22 8	
22 9	
22 16	
22 18	
22 36	
22 43	
22 44	
22 45	
22 46	
22 50	
22 57	
22 61	
22 63	
22 66	
22 67	
22 73	
22 77	
22 80	
22 84	
22 95	
22 112	
22 121	
22 123	
22 125	
22 136	
22 141	
22 142	
22 149	
22 154	
22 184	
22 188	
22 196	
22 198	
23 8	
23 9	
23 16	
23 19	
23 25	
23 29	
23 32	
23 35	
23 38	
23 41	
23 43	
23 51	
23 119	
23 134	
23 148	
24 8	
24 18	
24 19	
24 21	
24 25	
24 38	
24 43	
24 47	
24 56	
24 58	
24 69	
24 133	
24 146	
24 161	
24 174	
24 178	
24 197	
25 19	
25 21	
25 23	
25 24	
25 27	
25 28	
25 39	
25 40	
25 46	
25 52	
25 53	
25 54	
25 57	
25 64	
25 69	
25 70	
25 89	
25 100	
25 139	
25 144	
25 154	
25 162	
25 169	
26 5	
26 6	
26 19	
26 20	
26 28	
26 29	
26 31	
26 32	
26 50	
26 67	
26 79	
26 91	
26 100	
26 128	
26 132	
26 134	
26 158	
26 173	
26 189	
27 5	
27 13	
27 21	
27 25	
27 34	
27 53	
27 82	
27 103	
27 113	
27 116	
27 131	
27 149	
27 158	
27 195	
27 196	
28 9	
28 10	
28 25	
28 26	
28 36	
28 37	
28 45	
28 49	
28 50	
28 57	
28 73	
28 82	
28 96	
28 142	
29 19	
29 20	
29 23	
29 26	
29 30	
29 33	
29 34	
29 41	
29 59	
29 81	
29 93	
29 124	
29 143	
29 170	
29 171	
29 183	
29 194	
30 9	
30 10	
30 16	
30 29	
30 52	
30 161	
31 9	
31 11	
31 21	
31 26	
31 32	
31 33	
31 35	
31 43	
31 53	
31 63	
31 70	
31 74	
31 79	
31 86	
31 88	
31 89	
31 94	
31 99	
31 114	
31 143	
31 151	
31 152	
31 153	
31 180	
31 185	
31 193	
31 195	
32 3	
32 23	
32 26	
32 31	
32 37	
32 67	
32 76	
32 77	
32 82	
32 104	
32 106	
32 135	
32 155	
32 174	
33 6	
33 10	
33 29	
33 31	
33 38	
33 56	
33 65	
33 78	
33 100	
33 111	
33 112	
33 141	
34 9	
34 19	
34 27	
34 29	
34 39	
34 46	
34 59	
34 117	
34 157	
34 182	
34 192	
35 3	
35 9	
35 23	
35 31	
35 41	
35 42	
35 44	
35 65	
35 68	
35 83	
35 97	
35 117	
35 163	
35 165	
35 199	
36 11	
36 19	
36 22	
36 28	
36 61	
36 62	
36 89	
36 101	
36 108	
36 113	
36 130	
36 143	
36 145	
37 3	
37 19	
37 28	
37 32	
37 42	
37 60	
37 74	
37 95	
37 103	
37 120	
37 123	
37 124	
37 147	
37 148	
38 8	
38 23	
38 24	
38 33	
38 40	
38 49	
38 55	
38 58	
38 64	
38 66	
38 76	
38 81	
38 145	
38 167	
39 10	
39 19	
39 25	
39 34	
39 40	
39 44	
39 51	
39 78	
39 99	
39 108	
39 191	
40 21	
40 25	
40 38	
40 39	
40 55	
40 58	
40 71	
40 79	
40 91	
40 102	
40 129	
41 6	
41 23	
41 29	
41 35	
41 45	
41 48	
41 49	
41 51	
41 52	
41 54	
41 59	
41 81	
41 94	
41 104	
41 111	
41 132	
41 148	
41 185	
41 194	
42 10	
42 21	
42 35	
42 37	
42 48	
42 54	
42 60	
42 69	
42 75	
42 83	
42 95	
42 116	
42 120	
42 124	
42 141	
42 142	
42 146	
42 163	
42 165	
43 22	
43 23	
43 24	
43 31	
43 55	
43 67	
43 71	
43 76	
43 99	
43 131	
43 160	
43 179	
44 13	
44 22	
44 35	
44 39	
44 92	
44 98	
44 166	
44 198	
45 3	
45 22	
45 28	
45 41	
45 56	
45 59	
45 91	
45 92	
45 132	
45 160	
46 19	
46 22	
46 25	
46 34	
46 65	
46 105	
46 109	
47 3	
47 6	
47 13	
47 24	
47 49	
47 101	
47 126	
47 184	
47 189	
48 6	
48 16	
48 41	
48 42	
48 58	
48 71	
48 110	
48 111	
48 127	
48 139	
48 144	
49 28	
49 38	
49 41	
49 47	
49 60	
49 68	
49 72	
49 85	
49 115	
49 117	
49 118	
49 127	
49 146	
49 164	
49 165	
49 181	
49 184	
49 191	
50 21	
50 22	
50 26	
50 28	
50 98	
50 121	
50 150	
50 170	
51 9	
51 23	
51 39	
51 41	
51 79	
51 104	
51 113	
51 118	
51 126	
51 128	
51 140	
51 168	
51 183	
52 21	
52 25	
52 30	
52 41	
52 61	
52 80	
52 159	
52 187	
53 3	
53 25	
53 27	
53 31	
53 130	
53 139	
53 155	
54 9	
54 25	
54 41	
54 42	
54 62	
54 89	
55 19	
55 38	
55 40	
55 43	
55 73	
55 199	
56 19	
56 24	
56 33	
56 45	
56 68	
56 80	
56 88	
56 93	
56 102	
56 108	
56 122	
56 133	
56 149	
56 167	
57 8	
57 22	
57 25	
57 28	
57 77	
57 119	
58 24	
58 38	
58 40	
58 48	
58 65	
58 66	
58 69	
58 97	
58 100	
58 125	
58 162	
58 188	
59 29	
59 34	
59 41	
59 45	
59 75	
59 117	
59 134	
60 3	
60 37	
60 42	
60 49	
60 70	
60 87	
60 136	
60 159	
60 169	
60 182	
60 183	
61 10	
61 22	
61 36	
61 52	
61 71	
61 72	
61 78	
61 97	
61 101	
61 129	
62 18	
62 21	
62 36	
62 54	
62 73	
62 86	
62 88	
62 108	
62 115	
62 169	
62 174	
62 194	
63 1	
63 21	
63 22	
63 31	
63 90	
63 184	
64 11	
64 18	
64 25	
64 38	
64 92	
64 111	
64 135	
64 142	
64 143	
64 160	
64 200	
65 33	
65 35	
65 46	
65 58	
65 126	
65 191	
66 19	
66 22	
66 38	
66 58	
66 84	
66 85	
66 86	
66 115	
66 119	
66 150	
67 22	
67 26	
67 32	
67 43	
67 94	
67 105	
67 157	
67 177	
68 21	
68 35	
68 49	
68 56	
68 88	
69 24	
69 25	
69 42	
69 58	
69 139	
69 161	
70 16	
70 25	
70 31	
70 60	
70 110	
70 195	
71 40	
71 43	
71 48	
71 61	
71 72	
71 74	
71 75	
71 105	
71 127	
71 137	
71 159	
71 170	
71 176	
72 9	
72 49	
72 61	
72 71	
72 99	
72 140	
72 145	
72 157	
72 166	
73 22	
73 28	
73 55	
73 62	
73 76	
73 103	
73 180	
73 192	
74 19	
74 31	
74 37	
74 71	
75 19	
75 42	
75 59	
75 71	
75 107	
76 32	
76 38	
76 43	
76 73	
76 145	
77 21	
77 22	
77 32	
77 57	
77 152	
77 179	
78 9	
78 33	
78 39	
78 61	
79 26	
79 31	
79 40	
79 51	
79 87	
79 128	
79 136	
79 153	
79 156	
79 192	
79 198	
80 9	
80 22	
80 52	
80 56	
80 83	
80 84	
80 85	
80 122	
81 10	
81 29	
81 38	
81 41	
81 106	
81 130	
81 187	
82 8	
82 27	
82 28	
82 32	
82 84	
82 110	
82 122	
82 155	
83 9	
83 35	
83 42	
83 80	
83 98	
83 107	
84 22	
84 66	
84 80	
84 82	
84 96	
84 106	
84 121	
84 137	
84 172	
84 190	
84 199	
85 3	
85 49	
85 66	
85 80	
85 107	
85 129	
85 168	
85 181	
85 198	
86 9	
86 31	
86 62	
86 66	
86 93	
86 163	
86 185	
87 16	
87 19	
87 60	
87 79	
88 31	
88 56	
88 62	
88 68	
88 90	
88 106	
88 120	
88 125	
88 127	
88 131	
88 173	
88 177	
89 25	
89 31	
89 36	
89 54	
89 130	
89 144	
89 190	
89 197	
90 3	
90 18	
90 63	
90 88	
91 16	
91 26	
91 40	
91 45	
91 125	
92 3	
92 44	
92 45	
92 64	
92 105	
92 109	
92 138	
92 187	
92 189	
92 192	
93 16	
93 29	
93 56	
93 86	
94 8	
94 31	
94 41	
94 67	
94 101	
94 140	
94 188	
94 200	
95 21	
95 22	
95 37	
95 42	
95 158	
96 10	
96 19	
96 28	
96 84	
97 13	
97 35	
97 58	
97 61	
97 107	
98 10	
98 44	
98 50	
98 83	
99 31	
99 39	
99 43	
99 72	
99 155	
99 156	
100 25	
100 26	
100 33	
100 58	
100 166	
101 36	
101 47	
101 61	
101 94	
101 133	
101 176	
101 194	
102 10	
102 19	
102 40	
102 56	
103 19	
103 27	
103 37	
103 73	
103 124	
103 179	
104 10	
104 32	
104 41	
104 51	
104 162	
105 46	
105 67	
105 71	
105 92	
105 193	
106 32	
106 81	
106 84	
106 88	
106 172	
107 75	
107 83	
107 85	
107 97	
107 119	
107 175	
108 36	
108 39	
108 56	
108 62	
108 150	
109 9	
109 21	
109 46	
109 92	
109 129	
109 171	
109 196	
110 16	
110 48	
110 70	
110 82	
110 175	
111 33	
111 41	
111 48	
111 64	
112 8	
112 19	
112 22	
112 33	
113 21	
113 27	
113 36	
113 51	
114 6	
114 8	
114 21	
114 31	
114 151	
115 21	
115 49	
115 62	
115 66	
115 147	
115 157	
115 183	
115 186	
116 9	
116 19	
116 27	
116 42	
117 34	
117 35	
117 49	
117 59	
117 131	
117 133	
117 152	
118 3	
118 20	
118 49	
118 51	
119 23	
119 57	
119 66	
119 107	
120 3	
120 37	
120 42	
120 88	
120 178	
120 197	
121 20	
121 22	
121 50	
121 84	
121 135	
121 137	
121 171	
122 3	
122 56	
122 80	
122 82	
123 9	
123 21	
123 22	
123 37	
123 126	
123 164	
123 185	
123 193	
124 29	
124 37	
124 42	
124 103	
124 173	
125 22	
125 58	
125 88	
125 91	
125 136	
125 158	
125 176	
126 47	
126 51	
126 65	
126 123	
126 153	
127 48	
127 49	
127 71	
127 88	
127 148	
128 19	
128 26	
128 51	
128 79	
128 132	
129 40	
129 61	
129 85	
129 109	
129 147	
130 36	
130 53	
130 81	
130 89	
131 27	
131 43	
131 88	
131 117	
132 26	
132 41	
132 45	
132 128	
132 138	
133 24	
133 56	
133 101	
133 117	
133 154	
133 175	
133 190	
134 5	
134 23	
134 26	
134 59	
134 156	
135 19	
135 32	
135 64	
135 121	
135 160	
136 22	
136 60	
136 79	
136 125	
136 181	
137 13	
137 71	
137 84	
137 121	
138 16	
138 20	
138 92	
138 132	
138 178	
139 25	
139 48	
139 53	
139 69	
140 19	
140 51	
140 72	
140 94	
141 3	
141 22	
141 33	
141 42	
141 171	
142 22	
142 28	
142 42	
142 64	
143 29	
143 31	
143 36	
143 64	
144 19	
144 25	
144 48	
144 89	
145 36	
145 38	
145 72	
145 76	
145 168	
145 187	
146 19	
146 24	
146 42	
146 49	
146 168	
146 191	
147 11	
147 37	
147 115	
147 129	
147 159	
147 173	
148 23	
148 37	
148 41	
148 127	
148 149	
148 175	
148 180	
149 22	
149 27	
149 56	
149 148	
149 186	
150 20	
150 50	
150 66	
150 108	
150 178	
151 9	
151 18	
151 31	
151 114	
151 166	
151 189	
152 19	
152 31	
152 77	
152 117	
153 20	
153 31	
153 79	
153 126	
153 163	
153 164	
153 169	
154 13	
154 22	
154 25	
154 133	
155 32	
155 53	
155 82	
155 99	
156 9	
156 79	
156 99	
156 134	
157 34	
157 67	
157 72	
157 115	
157 164	
158 26	
158 27	
158 95	
158 125	
159 52	
159 60	
159 71	
159 147	
160 43	
160 45	
160 64	
160 135	
160 170	
161 10	
161 24	
161 30	
161 69	
162 18	
162 25	
162 58	
162 104	
162 181	
163 35	
163 42	
163 86	
163 153	
164 49	
164 123	
164 153	
164 157	
165 21	
165 35	
165 42	
165 49	
165 180	
166 44	
166 72	
166 100	
166 151	
166 167	
167 19	
167 38	
167 56	
167 166	
168 51	
168 85	
168 145	
168 146	
169 25	
169 60	
169 62	
169 153	
170 29	
170 50	
170 71	
170 160	
171 29	
171 109	
171 121	
171 141	
171 177	
172 16	
172 18	
172 84	
172 106	
173 26	
173 88	
173 124	
173 147	
174 8	
174 24	
174 32	
174 62	
174 186	
175 107	
175 110	
175 133	
175 148	
175 186	
176 19	
176 71	
176 101	
176 125	
177 1	
177 67	
177 88	
177 171	
177 200	
178 24	
178 120	
178 138	
178 150	
179 16	
179 43	
179 77	
179 103	
180 31	
180 73	
180 148	
180 165	
181 49	
181 85	
181 136	
181 162	
182 10	
182 19	
182 34	
182 60	
183 29	
183 51	
183 60	
183 115	
184 22	
184 47	
184 49	
184 63	
185 31	
185 41	
185 86	
185 123	
186 115	
186 149	
186 174	
186 175	
187 52	
187 81	
187 92	
187 145	
188 11	
188 22	
188 58	
188 94	
189 26	
189 47	
189 92	
189 151	
190 3	
190 84	
190 89	
190 133	
191 39	
191 49	
191 65	
191 146	
191 193	
192 34	
192 73	
192 79	
192 92	
193 31	
193 105	
193 123	
193 191	
194 29	
194 41	
194 62	
194 101	
195 19	
195 27	
195 31	
195 70	
196 11	
196 22	
196 27	
196 109	
197 21	
197 24	
197 89	
197 120	
198 22	
198 44	
198 79	
198 85	
199 21	
199 35	
199 55	
199 84	
200 3	
200 64	
200 94	
200 177	
